115 6555 50 24
1000 25 5
1 2 4192.11
1 3 2186.05
1 4 1166.89
1 5 2197.05
1 6 1885.93
1 7 1151.26
1 8 2214.08
1 9 2214.08
1 10 1409.07
1 11 1857.73
1 12 1837.75
1 13 1997.79
1 14 1145.85
1 15 3172.81
1 16 3172.81
1 17 4959.19
1 18 2394.65
1 19 3288.88
1 20 4290.71
1 21 2905.89
1 22 3700.21
1 23 1683.23
1 24 4042.81
1 25 1110.9
1 26 2001.51
1 27 2029.97
1 28 944.04
1 29 2432.5
1 30 814.89
1 31 804.56
1 32 2905.89
1 33 2905.89
1 34 2491.01
1 35 2257.32
1 36 2266.46
1 37 2432.5
1 38 1775.04
1 39 1075.42
1 40 3390.56
1 41 1606.12
1 42 3524.19
1 43 3501.32
1 44 3095.98
1 45 2001.87
1 46 3299.52
1 47 3299.52
1 48 2014.13
1 49 1151.26
1 50 427.98
1 51 1823.51
1 52 1023.95
1 53 1108.65
1 54 3705.41
1 55 817.01
1 56 1302.49
1 57 304.47
1 58 1976.9
1 59 3552.16
1 60 3683.02
1 61 4267.83
1 62 3914.17
1 63 2081.06
1 64 2389.91
1 65 1554.21
1 66 1550.01
1 67 1771.34
1 68 1771.34
1 69 1475.81
1 70 1310.19
1 71 1959.94
1 72 1901.17
1 73 1779.97
1 74 1675.09
1 75 3138.84
1 76 3138.84
1 77 2603.87
1 78 1197.42
1 79 1349.45
1 80 1239.28
1 81 1565.7
1 82 1318.16
1 83 1477.26
1 84 1318.16
1 85 1477.26
1 86 3038.22
1 87 3677.61
1 88 3732.85
1 89 1427.26
1 90 384.45
1 91 2500.73
1 92 2369.33
1 93 2017.77
1 94 2017.77
1 95 4780.93
1 96 3552.16
1 97 4225.91
1 98 2081.06
1 99 1701.7
1 100 831.24
1 101 854.41
1 102 4730.11
1 103 4460.8
1 104 786.24
1 105 4384.99
1 106 4267.83
1 107 1326.78
1 108 1844.53
1 109 601.72
1 110 817.01
1 111 4029.75
1 112 3402.95
1 113 2905.89
1 114 1596.97
1 115 888.63
2 3 2623.93
2 4 3482.11
2 5 1994.32
2 6 3420.35
2 7 3005.56
2 8 2008.99
2 9 2008.99
2 10 2515.59
2 11 2356.48
2 12 2549.78
2 13 2305.94
2 14 3174.51
2 15 1626.66
2 16 1626.66
2 17 1029.5
2 18 1828.42
2 19 1457.78
2 20 750.32
2 21 1744.76
2 22 953.33
2 23 3015.63
2 24 1108.49
2 25 4633.04
2 26 3384.95
2 27 3202.32
2 28 3269.72
2 29 2623.67
2 30 3195.17
2 31 4003.2
2 32 1744.76
2 33 1744.76
2 34 1540.76
2 35 1794.39
2 36 1785.24
2 37 2623.67
2 38 3382.09
2 39 3670.88
2 40 1387.99
2 41 3504.69
2 42 2257.1
2 43 1350.87
2 44 1579.9
2 45 2016.4
2 46 2597.21
2 47 2597.21
2 48 5217.77
2 49 3005.56
2 50 4029.15
2 51 3458.37
2 52 3356.62
2 53 4709.83
2 54 491.71
2 55 4332.25
2 56 4575.64
2 57 3905.64
2 58 5180.54
2 59 1549.59
2 60 1234.35
2 61 75.72
2 62 2677.59
2 63 1851.58
2 64 2223.85
2 65 2660.74
2 66 2656.54
2 67 2544.22
2 68 2544.22
2 69 3502.61
2 70 3251.93
2 71 2427.16
2 72 2487.83
2 73 3234.05
2 74 3282.14
2 75 1635.24
2 76 1635.24
2 77 2019.74
2 78 3519.65
2 79 3677.34
2 80 3834.74
2 81 3893.59
2 82 4245.45
2 83 4383.29
2 84 4245.45
2 85 4383.29
2 86 1612.43
2 87 622.37
2 88 655.17
2 89 4599.31
2 90 3985.63
2 91 2831.61
2 92 2717.39
2 93 2173.6
2 94 2173.6
2 95 851.24
2 96 1549.59
2 97 1291.59
2 98 1851.58
2 99 3037.54
2 100 3274.05
2 101 3588.28
2 102 1031.35
2 103 268.69
2 104 3773.97
2 105 844.59
2 106 75.72
2 107 4927.95
2 108 5046.7
2 109 4202.9
2 110 4332.25
2 111 168.46
2 112 1635.16
2 113 1744.76
2 114 2771.06
2 115 3216.65
3 4 1440.77
3 5 1239.7
3 6 876.63
3 7 1666.65
3 8 1256.73
3 9 1256.73
3 10 1181.96
3 11 1129.19
3 12 419.86
3 13 1269.25
3 14 1136.68
3 15 1864.1
3 16 1864.1
3 17 3650.49
3 18 1090.66
3 19 1980.17
3 20 2982.01
3 21 1597.19
3 22 2391.5
3 23 890.26
3 24 2734.11
3 25 2591.7
3 26 841.23
3 27 658.61
3 28 1231.9
3 29 631.63
3 30 1494.44
3 31 1961.86
3 32 1597.19
3 33 1597.19
3 34 1182.3
3 35 1056.63
3 36 1047.49
3 37 631.63
3 38 1156.26
3 39 1629.54
3 40 2081.86
3 41 1463.35
3 42 1680.48
3 43 2192.62
3 44 1787.27
3 45 1261.78
3 46 1455.81
3 47 1455.81
3 48 3176.43
3 49 1666.65
3 50 2128.12
3 51 981.28
3 52 1539.34
3 53 2764.12
3 54 2396.7
3 55 2290.91
3 56 2534.3
3 57 2313.22
3 58 3139.2
3 59 2243.46
3 60 2374.31
3 61 2959.13
3 62 2070.46
3 63 772.35
3 64 1081.21
3 65 825.67
3 66 833.2
3 67 687.55
3 68 687.55
3 69 1461.27
3 70 1210.59
3 71 550.16
3 72 483.27
3 73 935.32
3 74 1039.23
3 75 1830.13
3 76 1830.13
3 77 1295.16
3 78 1478.31
3 79 1636.0
3 80 1793.4
3 81 1852.25
3 82 2204.11
3 83 2341.95
3 84 2204.11
3 85 2341.95
3 86 1729.52
3 87 2368.91
3 88 2424.14
3 89 2557.97
3 90 2393.21
3 91 314.68
3 92 192.66
3 93 1289.23
3 94 1289.23
3 95 3472.22
3 96 2243.46
3 97 2917.21
3 98 772.35
3 99 912.17
3 100 1349.27
3 101 1546.94
3 102 3421.41
3 103 3152.09
3 104 1912.39
3 105 3076.28
3 106 2959.13
3 107 3335.53
3 108 2958.08
3 109 2614.93
3 110 2290.91
3 111 2721.04
3 112 2094.25
3 113 1597.19
3 114 645.69
3 115 1394.53
4 5 1742.96
4 6 1054.51
4 7 1081.09
4 8 1759.99
4 9 1759.99
4 10 1050.24
4 11 1403.64
4 12 1028.41
4 13 1543.69
4 14 512.49
4 15 2718.71
4 16 2718.71
4 17 4505.1
4 18 1940.56
4 19 2834.79
4 20 3836.62
4 21 2451.8
4 22 3246.12
4 23 873.89
4 24 3588.72
4 25 1281.77
4 26 1170.1
4 27 1198.55
4 28 607.71
4 29 1623.16
4 30 846.44
4 31 651.93
4 32 2451.8
4 33 2451.8
4 34 2036.91
4 35 1803.23
4 36 1812.37
4 37 1623.16
4 38 943.62
4 39 319.6
4 40 2936.47
4 41 635.12
4 42 3057.19
4 43 3047.23
4 44 2641.89
4 45 1547.77
4 46 2832.51
4 47 2832.51
4 48 1866.49
4 49 1081.09
4 50 1106.43
4 51 992.09
4 52 953.77
4 53 1454.19
4 54 3251.32
4 55 980.97
4 56 1224.37
4 57 1291.54
4 58 1829.26
4 59 3098.07
4 60 3228.92
4 61 3813.74
4 62 3447.16
4 63 1626.97
4 64 1935.82
4 65 1100.12
4 66 1107.65
4 67 962.0
4 68 962.0
4 69 308.92
4 70 364.92
4 71 1409.19
4 72 1091.82
4 73 948.56
4 74 843.68
4 75 2684.75
4 76 2684.75
4 77 2149.78
4 78 173.62
4 79 232.97
4 80 412.64
4 81 449.22
4 82 875.7
4 83 1013.54
4 84 875.7
4 85 1013.54
4 86 2584.13
4 87 3223.52
4 88 3278.76
4 89 1229.57
4 90 1371.52
4 91 1691.39
4 92 1559.98
4 93 1563.68
4 94 1563.68
4 95 4326.84
4 96 3098.07
4 97 3771.82
4 98 1626.97
4 99 892.36
4 100 725.07
4 101 379.88
4 102 4276.02
4 103 4006.71
4 104 938.38
4 105 3930.89
4 106 3813.74
4 107 2313.85
4 108 1695.43
4 109 1684.16
4 110 980.97
4 111 3575.66
4 112 2948.86
4 113 2451.8
4 114 787.63
4 115 770.33
5 6 1741.51
5 7 1263.21
5 8 17.03
5 9 17.03
5 10 773.24
5 11 614.13
5 12 864.41
5 13 470.28
5 14 1432.16
5 15 1175.14
5 16 1175.14
5 17 2961.53
5 18 197.6
5 19 1291.21
5 20 2293.05
5 21 908.23
5 22 1702.54
5 23 1330.26
5 24 2045.15
5 25 2890.69
5 26 1769.55
5 27 1586.93
5 28 1527.37
5 29 1278.61
5 30 1452.82
5 31 2260.85
5 32 908.23
5 33 908.23
5 34 493.34
5 35 240.79
5 36 249.93
5 37 1278.61
5 38 1639.74
5 39 1928.53
5 40 1392.9
5 41 1762.34
5 42 1810.03
5 43 1503.66
5 44 1098.31
5 45 180.75
5 46 2053.42
5 47 2053.42
5 48 3475.42
5 49 1263.21
5 50 2286.8
5 51 1716.02
5 52 1614.27
5 53 2967.48
5 54 1707.74
5 55 2589.9
5 56 2833.29
5 57 2163.29
5 58 3438.19
5 59 1554.5
5 60 1685.35
5 61 2270.17
5 62 2230.52
5 63 506.52
5 64 1143.82
5 65 918.39
5 66 914.19
5 67 858.85
5 68 858.85
5 69 1760.26
5 70 1509.58
5 71 741.79
5 72 802.45
5 73 1548.68
5 74 1539.79
5 75 1141.17
5 76 1141.17
5 77 1083.33
5 78 1777.3
5 79 1934.99
5 80 2092.39
5 81 2151.24
5 82 2503.1
5 83 2640.94
5 84 2503.1
5 85 2640.94
5 86 1040.56
5 87 1679.95
5 88 1735.18
5 89 2856.96
5 90 2243.28
5 91 1402.02
5 92 1270.61
5 93 179.28
5 94 179.28
5 95 2783.26
5 96 1554.5
5 97 2228.25
5 98 506.52
5 99 1352.16
5 100 1531.7
5 101 1845.93
5 102 2732.45
5 103 2463.13
5 104 2031.62
5 105 2387.32
5 106 2270.17
5 107 3185.6
5 108 3304.35
5 109 2460.55
5 110 2589.9
5 111 2032.08
5 112 1405.29
5 113 908.23
5 114 1085.69
5 115 1474.3
6 7 1444.07
6 8 1654.71
6 9 1654.71
6 10 1279.61
6 11 1298.36
6 12 916.02
6 13 1438.41
6 14 875.48
6 15 2523.74
6 16 2523.74
6 17 4310.13
6 18 1835.28
6 19 2639.81
6 20 3641.65
6 21 2256.83
6 22 3051.14
6 23 416.77
6 24 3393.75
6 25 2284.36
6 26 115.58
6 27 215.75
6 28 970.69
6 29 1510.77
6 30 1233.23
6 31 1654.52
6 32 2256.83
6 33 2256.83
6 34 1931.63
6 35 1697.95
6 36 1707.09
6 37 1510.77
6 38 402.08
6 39 1322.19
6 40 2741.5
6 41 639.34
6 42 2255.92
6 43 2852.26
6 44 2446.91
6 45 1442.49
6 46 2031.25
6 47 2031.25
6 48 2869.08
6 49 1444.07
6 50 1866.91
6 51 104.65
6 52 1316.76
6 53 2456.78
6 54 3056.34
6 55 1983.56
6 56 2226.96
6 57 2052.01
6 58 2404.45
6 59 2903.1
6 60 3033.95
6 61 3618.77
6 62 2645.9
6 63 1521.69
6 64 1830.54
6 65 994.84
6 66 1002.37
6 67 856.72
6 68 856.72
6 69 809.74
6 70 708.76
6 71 1296.81
6 72 979.44
6 73 198.35
6 74 302.14
6 75 2489.77
6 76 2489.77
6 77 2044.5
6 78 1170.96
6 79 1004.84
6 80 1332.81
6 81 1098.32
6 82 1795.86
6 83 1933.7
6 84 1795.86
6 85 1933.7
6 86 2389.16
6 87 3028.55
6 88 3083.78
6 89 1972.59
6 90 2132.0
6 91 890.12
6 92 766.94
6 93 1458.4
6 94 1458.4
6 95 4131.86
6 96 2903.1
6 97 3576.85
6 98 1521.69
6 99 566.83
6 100 1088.06
6 101 1239.6
6 102 4081.05
6 103 3811.73
6 104 1651.19
6 105 3735.92
6 106 3618.77
6 107 3074.33
6 108 2218.24
6 109 2353.72
6 110 1983.56
6 111 3380.68
6 112 2753.89
6 113 2256.83
6 114 675.25
6 115 1133.32
7 8 1588.81
7 9 1588.81
7 10 783.79
7 11 1232.46
7 12 1313.76
7 13 1372.51
7 14 661.52
7 15 2547.53
7 16 2547.53
7 17 4333.92
7 18 1769.38
7 19 2663.6
7 20 3665.44
7 21 2280.62
7 22 3074.94
7 23 1198.91
7 24 3417.54
7 25 1706.52
7 26 1517.18
7 27 1545.64
7 28 459.72
7 29 1899.44
7 30 189.61
7 31 1325.9
7 32 2280.62
7 33 2280.62
7 34 1865.73
7 35 1632.04
7 36 1641.19
7 37 1899.44
7 38 1290.71
7 39 1085.6
7 40 2765.29
7 41 1121.8
7 42 2898.92
7 43 2876.05
7 44 2470.7
7 45 1376.59
7 46 2674.25
7 47 2674.25
7 48 2609.74
7 49 0
7 50 1023.59
7 51 1339.18
7 52 398.68
7 53 1704.27
7 54 3080.14
7 55 1412.63
7 56 1898.11
7 57 900.09
7 58 2572.51
7 59 2926.89
7 60 3057.74
7 61 3642.56
7 62 3288.9
7 63 1455.79
7 64 1764.64
7 65 928.94
7 66 924.74
7 67 1241.9
7 68 1241.9
7 69 1119.71
7 70 825.86
7 71 1334.67
7 72 1377.17
7 73 1295.65
7 74 1190.77
7 75 2513.56
7 76 2513.56
7 77 1978.6
7 78 1058.4
7 79 1216.09
7 80 1249.46
7 81 1432.34
7 82 1660.17
7 83 1798.01
7 84 1660.17
7 85 1798.01
7 86 2412.95
7 87 3052.34
7 88 3107.58
7 89 2014.04
7 90 980.07
7 91 1976.73
7 92 1845.33
7 93 1392.5
7 94 1392.5
7 95 4155.66
7 96 2926.89
7 97 3600.64
7 98 1455.79
7 99 1217.38
7 100 346.91
7 101 864.59
7 102 4104.84
7 103 3835.53
7 104 846.84
7 105 3759.71
7 106 3642.56
7 107 1922.4
7 108 2440.15
7 109 1197.34
7 110 1412.63
7 111 3404.48
7 112 2777.68
7 113 2280.62
7 114 1081.26
7 115 289.52
8 9 0
8 10 790.28
8 11 631.16
8 12 881.44
8 13 487.32
8 14 1449.19
8 15 1167.51
8 16 1167.51
8 17 2953.89
8 18 180.57
8 19 1283.58
8 20 2285.41
8 21 900.59
8 22 1694.91
8 23 1347.29
8 24 2037.51
8 25 2907.72
8 26 1786.59
8 27 1603.96
8 28 1544.41
8 29 1270.98
8 30 1469.85
8 31 2277.88
8 32 900.59
8 33 900.59
8 34 485.7
8 35 257.82
8 36 266.96
8 37 1270.98
8 38 1656.77
8 39 1945.56
8 40 1385.26
8 41 1779.38
8 42 1802.4
8 43 1496.02
8 44 1090.68
8 45 197.78
8 46 2045.79
8 47 2045.79
8 48 3492.45
8 49 1280.24
8 50 2303.83
8 51 1733.06
8 52 1631.3
8 53 2984.51
8 54 1700.11
8 55 2606.93
8 56 2850.32
8 57 2180.33
8 58 3455.22
8 59 1546.86
8 60 1677.71
8 61 2262.53
8 62 2222.88
8 63 498.88
8 64 1136.18
8 65 935.42
8 66 931.22
8 67 875.88
8 68 875.88
8 69 1777.29
8 70 1526.62
8 71 758.82
8 72 819.49
8 73 1565.71
8 74 1556.83
8 75 1133.54
8 76 1133.54
8 77 1075.7
8 78 1794.33
8 79 1952.03
8 80 2109.42
8 81 2168.28
8 82 2520.13
8 83 2657.97
8 84 2520.13
8 85 2657.97
8 86 1032.92
8 87 1672.31
8 88 1727.55
8 89 2874.0
8 90 2260.31
8 91 1419.05
8 92 1287.65
8 93 196.31
8 94 196.31
8 95 2775.63
8 96 1546.86
8 97 2220.61
8 98 498.88
8 99 1369.19
8 100 1548.73
8 101 1862.96
8 102 2724.81
8 103 2455.5
8 104 2048.65
8 105 2379.69
8 106 2262.53
8 107 3202.64
8 108 3321.38
8 109 2477.58
8 110 2606.93
8 111 2024.45
8 112 1397.65
8 113 900.59
8 114 1102.72
8 115 1491.34
9 10 790.28
9 11 631.16
9 12 881.44
9 13 487.32
9 14 1449.19
9 15 1167.51
9 16 1167.51
9 17 2953.89
9 18 180.57
9 19 1283.58
9 20 2285.41
9 21 900.59
9 22 1694.91
9 23 1347.29
9 24 2037.51
9 25 2907.72
9 26 1786.59
9 27 1603.96
9 28 1544.41
9 29 1270.98
9 30 1469.85
9 31 2277.88
9 32 900.59
9 33 900.59
9 34 485.7
9 35 257.82
9 36 266.96
9 37 1270.98
9 38 1656.77
9 39 1945.56
9 40 1385.26
9 41 1779.38
9 42 1802.4
9 43 1496.02
9 44 1090.68
9 45 197.78
9 46 2045.79
9 47 2045.79
9 48 3492.45
9 49 1280.24
9 50 2303.83
9 51 1733.06
9 52 1631.3
9 53 2984.51
9 54 1700.11
9 55 2606.93
9 56 2850.32
9 57 2180.33
9 58 3455.22
9 59 1546.86
9 60 1677.71
9 61 2262.53
9 62 2222.88
9 63 498.88
9 64 1136.18
9 65 935.42
9 66 931.22
9 67 875.88
9 68 875.88
9 69 1777.29
9 70 1526.62
9 71 758.82
9 72 819.49
9 73 1565.71
9 74 1556.83
9 75 1133.54
9 76 1133.54
9 77 1075.7
9 78 1794.33
9 79 1952.03
9 80 2109.42
9 81 2168.28
9 82 2520.13
9 83 2657.97
9 84 2520.13
9 85 2657.97
9 86 1032.92
9 87 1672.31
9 88 1727.55
9 89 2874.0
9 90 2260.31
9 91 1419.05
9 92 1287.65
9 93 196.31
9 94 196.31
9 95 2775.63
9 96 1546.86
9 97 2220.61
9 98 498.88
9 99 1369.19
9 100 1548.73
9 101 1862.96
9 102 2724.81
9 103 2455.5
9 104 2048.65
9 105 2379.69
9 106 2262.53
9 107 3202.64
9 108 3321.38
9 109 2477.58
9 110 2606.93
9 111 2024.45
9 112 1397.65
9 113 900.59
9 114 1102.72
9 115 1491.34
10 11 448.67
10 12 673.5
10 13 588.72
10 14 658.91
10 15 1763.74
10 16 1763.74
10 17 3550.13
10 18 985.59
10 19 1879.81
10 20 2881.65
10 21 1496.83
10 22 2291.14
10 23 715.68
10 24 2633.75
10 25 2117.45
10 26 1120.78
10 27 1149.24
10 28 754.13
10 29 1115.64
10 30 821.58
10 31 1487.61
10 32 1496.83
10 33 1496.83
10 34 1081.94
10 35 848.25
10 36 857.4
10 37 1115.64
10 38 866.49
10 39 1155.28
10 40 1981.5
10 41 989.1
10 42 2115.13
10 43 2092.26
10 44 1686.91
10 45 592.8
10 46 1890.46
10 47 1890.46
10 48 2702.17
10 49 988.95
10 50 1587.14
10 51 942.78
10 52 861.64
10 53 2267.82
10 54 2296.34
10 55 1816.65
10 56 2060.04
10 57 1684.27
10 58 2664.94
10 59 2143.1
10 60 2273.95
10 61 2858.77
10 62 2505.1
10 63 671.99
10 64 980.85
10 65 145.15
10 66 140.94
10 67 614.17
10 68 614.17
10 69 987.02
10 70 736.34
10 71 550.88
10 72 611.54
10 73 871.43
10 74 766.55
10 75 1729.77
10 76 1729.77
10 77 1194.8
10 78 1004.05
10 79 1161.75
10 80 1319.15
10 81 1378.0
10 82 1729.85
10 83 1867.69
10 84 1729.85
10 85 1867.69
10 86 1629.16
10 87 2268.55
10 88 2323.78
10 89 2083.72
10 90 1764.25
10 91 1211.11
10 92 1079.7
10 93 608.71
10 94 608.71
10 95 3371.86
10 96 2143.1
10 97 2816.85
10 98 671.99
10 99 734.15
10 100 779.06
10 101 1072.69
10 102 3321.05
10 103 3051.73
10 104 1278.99
10 105 2975.92
10 106 2858.77
10 107 2706.58
10 108 2531.1
10 109 1981.52
10 110 1816.65
10 111 2620.68
10 112 1993.89
10 113 1496.83
10 114 460.55
10 115 721.67
11 12 832.61
11 13 747.84
11 14 818.03
11 15 1922.86
11 16 1922.86
11 17 3709.24
11 18 1144.7
11 19 2038.93
11 20 3040.76
11 21 1655.94
11 22 2450.26
11 23 874.79
11 24 2792.86
11 25 2276.56
11 26 1279.9
11 27 1308.35
11 28 913.24
11 29 1274.76
11 30 838.69
11 31 1646.72
11 32 1655.94
11 33 1655.94
11 34 1241.06
11 35 1007.37
11 36 1016.51
11 37 1274.76
11 38 1025.61
11 39 1314.4
11 40 2140.61
11 41 1148.22
11 42 2274.24
11 43 2251.37
11 44 1846.03
11 45 751.92
11 46 2049.57
11 47 2049.57
11 48 2861.29
11 49 649.08
11 50 1672.67
11 51 1101.89
11 52 1000.14
11 53 2353.35
11 54 2455.46
11 55 1975.77
11 56 2219.16
11 57 1549.16
11 58 2824.06
11 59 2302.21
11 60 2433.07
11 61 3017.88
11 62 2664.22
11 63 831.11
11 64 1139.96
11 65 304.26
11 66 300.06
11 67 773.28
11 68 773.28
11 69 1146.13
11 70 895.46
11 71 709.99
11 72 770.66
11 73 1030.54
11 74 925.66
11 75 1888.89
11 76 1888.89
11 77 1353.92
11 78 1163.17
11 79 1320.87
11 80 1478.26
11 81 1537.12
11 82 1888.97
11 83 2026.81
11 84 1888.97
11 85 2026.81
11 86 1788.27
11 87 2427.66
11 88 2482.9
11 89 2242.84
11 90 1629.15
11 91 1370.22
11 92 1238.82
11 93 767.82
11 94 767.82
11 95 3530.98
11 96 2302.21
11 97 2975.96
11 98 831.11
11 99 893.26
11 100 917.57
11 101 1231.8
11 102 3480.16
11 103 3210.85
11 104 1417.49
11 105 3135.04
11 106 3017.88
11 107 2571.48
11 108 2690.22
11 109 1846.42
11 110 1975.77
11 111 2779.8
11 112 2153.0
11 113 1655.94
11 114 619.67
11 115 860.17
12 13 849.39
12 14 716.83
12 15 1976.67
12 16 1976.67
12 17 3763.06
12 18 1203.23
12 19 2092.74
12 20 3094.58
12 21 1709.76
12 22 2504.07
12 23 470.4
12 24 2846.68
12 25 2171.84
12 26 976.66
12 27 794.03
12 28 812.04
12 29 744.2
12 30 1074.58
12 31 1542.0
12 32 1709.76
12 33 1709.76
12 34 1294.87
12 35 1108.92
12 36 1118.06
12 37 744.2
12 38 917.7
12 39 1209.68
12 40 2194.43
12 41 1043.5
12 42 2178.23
12 43 2305.19
12 44 1899.84
12 45 853.47
12 46 1953.55
12 47 1953.55
12 48 2756.57
12 49 1246.79
12 50 1708.26
12 51 986.3
12 52 1119.48
12 53 2344.26
12 54 2509.27
12 55 1871.05
12 56 2114.44
12 57 1893.36
12 58 2719.34
12 59 2356.03
12 60 2486.88
12 61 3071.7
12 62 2568.2
12 63 884.92
12 64 1193.78
12 65 405.81
12 66 413.34
12 67 267.69
12 68 267.69
12 69 1041.41
12 70 790.74
12 71 530.23
12 72 212.86
12 73 688.82
12 74 792.73
12 75 1942.7
12 76 1942.7
12 77 1407.73
12 78 1058.45
12 79 1216.14
12 80 1373.54
12 81 1432.4
12 82 1784.25
12 83 1922.09
12 84 1784.25
12 85 1922.09
12 86 1842.08
12 87 2481.48
12 88 2536.71
12 89 2138.12
12 90 1973.35
12 91 812.43
12 92 681.02
12 93 869.37
12 94 869.37
12 95 3584.79
12 96 2356.03
12 97 3029.78
12 98 884.92
12 99 492.31
12 100 929.41
12 101 1127.08
12 102 3533.97
12 103 3264.66
12 104 1492.54
12 105 3188.85
12 106 3071.7
12 107 2915.67
12 108 2585.5
12 109 2195.07
12 110 1871.05
12 111 2833.61
12 112 2206.81
12 113 1709.76
12 114 225.83
12 115 974.67
13 14 964.07
13 15 1479.34
13 16 1479.34
13 17 3265.73
13 18 682.32
13 19 1595.41
13 20 2597.25
13 21 1212.43
13 22 2006.74
13 23 1020.84
13 24 2349.35
13 25 2422.61
13 26 1425.94
13 27 1454.4
13 28 1059.29
13 29 1415.34
13 30 984.73
13 31 1792.76
13 32 1212.43
13 33 1212.43
13 34 797.54
13 35 544.99
13 36 554.13
13 37 1415.34
13 38 1171.65
13 39 1460.44
13 40 1697.1
13 41 1294.26
13 42 2114.23
13 43 1807.86
13 44 1402.51
13 45 289.53
13 46 2190.15
13 47 2190.15
13 48 3007.33
13 49 795.12
13 50 1818.72
13 51 1247.94
13 52 1146.18
13 53 2499.39
13 54 2011.94
13 55 2121.81
13 56 2365.2
13 57 1695.21
13 58 2970.1
13 59 1858.7
13 60 1989.55
13 61 2574.37
13 62 2534.72
13 63 810.71
13 64 1280.54
13 65 450.31
13 66 446.1
13 67 919.33
13 68 919.33
13 69 1292.17
13 70 1041.5
13 71 850.57
13 72 911.24
13 73 1176.59
13 74 1071.71
13 75 1445.37
13 76 1445.37
13 77 1387.53
13 78 1309.21
13 79 1466.91
13 80 1624.3
13 81 1683.16
13 82 2035.01
13 83 2172.85
13 84 2035.01
13 85 2172.85
13 86 1344.75
13 87 1984.15
13 88 2039.38
13 89 2388.88
13 90 1775.19
13 91 1510.8
13 92 1379.4
13 93 305.44
13 94 305.44
13 95 3087.46
13 96 1858.7
13 97 2532.45
13 98 810.71
13 99 1039.31
13 100 1063.61
13 101 1377.84
13 102 3036.64
13 103 2767.33
13 104 1563.53
13 105 2691.52
13 106 2574.37
13 107 2717.52
13 108 2836.26
13 109 1992.46
13 110 2121.81
13 111 2336.28
13 112 1709.48
13 113 1212.43
13 114 765.71
13 115 1006.22
14 15 2609.88
14 16 2609.88
14 17 4396.27
14 18 1831.73
14 19 2725.95
14 20 3727.79
14 21 2342.97
14 22 3137.29
14 23 1230.45
14 24 3479.89
14 25 1869.46
14 26 1548.72
14 27 1577.18
14 28 491.26
14 29 1961.79
14 30 420.97
14 31 1357.44
14 32 2342.97
14 33 2342.97
14 34 1928.08
14 35 1694.39
14 36 1703.54
14 37 1961.79
14 38 1322.25
14 39 1117.14
14 40 2827.64
14 41 1153.34
14 42 2961.27
14 43 2938.4
14 44 2533.06
14 45 1438.94
14 46 2736.6
14 47 2736.6
14 48 2664.03
14 49 588.34
14 50 1186.53
14 51 1370.72
14 52 461.03
14 53 1867.21
14 54 3142.49
14 55 1575.57
14 56 2021.9
14 57 1283.66
14 58 2626.8
14 59 2989.24
14 60 3120.09
14 61 3704.91
14 62 3351.25
14 63 1518.14
14 64 1826.99
14 65 991.29
14 66 987.09
14 67 1304.25
14 68 1304.25
14 69 1151.25
14 70 857.4
14 71 1397.02
14 72 1439.52
14 73 1327.19
14 74 1222.31
14 75 2575.92
14 76 2575.92
14 77 2040.95
14 78 1089.93
14 79 1247.63
14 80 1281.0
14 81 1463.88
14 82 1691.71
14 83 1829.55
14 84 1691.71
14 85 1829.55
14 86 2475.3
14 87 3114.69
14 88 3169.93
14 89 2045.58
14 90 1363.64
14 91 2039.08
14 92 1907.68
14 93 1454.85
14 94 1454.85
14 95 4218.01
14 96 2989.24
14 97 3662.99
14 98 1518.14
14 99 1248.92
14 100 378.45
14 101 896.13
14 102 4167.19
14 103 3897.88
14 104 878.38
14 105 3822.06
14 106 3704.91
14 107 2305.97
14 108 2492.96
14 109 1580.91
14 110 1575.57
14 111 3466.83
14 112 2840.03
14 113 2342.97
14 114 1143.61
14 115 321.06
15 16 0
15 17 2366.32
15 18 943.81
15 19 696.0
15 20 1697.84
15 21 313.02
15 22 1107.33
15 23 2130.76
15 24 1449.94
15 25 3748.18
15 26 2426.08
15 27 2243.45
15 28 2384.86
15 29 1443.12
15 30 2310.3
15 31 3118.33
15 32 313.02
15 33 313.02
15 34 656.15
15 35 909.78
15 36 900.63
15 37 1443.12
15 38 2497.22
15 39 2786.01
15 40 797.69
15 41 2619.83
15 42 677.44
15 43 908.45
15 44 503.1
15 45 1131.79
15 46 1017.54
15 47 1017.54
15 48 4332.9
15 49 2120.69
15 50 3144.28
15 51 2566.13
15 52 2471.75
15 53 3824.96
15 54 1112.53
15 55 3447.38
15 56 3690.77
15 57 3020.78
15 58 4295.67
15 59 959.29
15 60 1090.14
15 61 1674.96
15 62 1097.92
15 63 966.71
15 64 742.94
15 65 1775.88
15 66 1771.67
15 67 1659.35
15 68 1659.35
15 69 2617.74
15 70 2367.07
15 71 1542.29
15 72 1602.96
15 73 2349.19
15 74 2397.28
15 75 8.58
15 76 8.58
15 77 538.83
15 78 2634.78
15 79 2792.48
15 80 2949.87
15 81 3008.73
15 82 3360.58
15 83 3498.42
15 84 3360.58
15 85 3498.42
15 86 445.35
15 87 1084.74
15 88 1139.97
15 89 3714.45
15 90 3100.76
15 91 1872.74
15 92 1761.12
15 93 1288.99
15 94 1288.99
15 95 2188.05
15 96 959.29
15 97 1633.04
15 98 966.71
15 99 2152.67
15 100 2389.18
15 101 2703.41
15 102 2137.24
15 103 1867.92
15 104 2889.1
15 105 1792.11
15 106 1674.96
15 107 4043.09
15 108 4161.83
15 109 3318.03
15 110 3447.38
15 111 1436.87
15 112 810.08
15 113 313.02
15 114 1886.2
15 115 2331.79
16 17 2366.32
16 18 943.81
16 19 696.0
16 20 1697.84
16 21 313.02
16 22 1107.33
16 23 2130.76
16 24 1449.94
16 25 3748.18
16 26 2426.08
16 27 2243.45
16 28 2384.86
16 29 1443.12
16 30 2310.3
16 31 3118.33
16 32 313.02
16 33 313.02
16 34 656.15
16 35 909.78
16 36 900.63
16 37 1443.12
16 38 2497.22
16 39 2786.01
16 40 797.69
16 41 2619.83
16 42 677.44
16 43 908.45
16 44 503.1
16 45 1131.79
16 46 1017.54
16 47 1017.54
16 48 4332.9
16 49 2120.69
16 50 3144.28
16 51 2566.13
16 52 2471.75
16 53 3824.96
16 54 1112.53
16 55 3447.38
16 56 3690.77
16 57 3020.78
16 58 4295.67
16 59 959.29
16 60 1090.14
16 61 1674.96
16 62 1097.92
16 63 966.71
16 64 742.94
16 65 1775.88
16 66 1771.67
16 67 1659.35
16 68 1659.35
16 69 2617.74
16 70 2367.07
16 71 1542.29
16 72 1602.96
16 73 2349.19
16 74 2397.28
16 75 8.58
16 76 8.58
16 77 538.83
16 78 2634.78
16 79 2792.48
16 80 2949.87
16 81 3008.73
16 82 3360.58
16 83 3498.42
16 84 3360.58
16 85 3498.42
16 86 445.35
16 87 1084.74
16 88 1139.97
16 89 3714.45
16 90 3100.76
16 91 1872.74
16 92 1761.12
16 93 1288.99
16 94 1288.99
16 95 2188.05
16 96 959.29
16 97 1633.04
16 98 966.71
16 99 2152.67
16 100 2389.18
16 101 2703.41
16 102 2137.24
16 103 1867.92
16 104 2889.1
16 105 1792.11
16 106 1674.96
16 107 4043.09
16 108 4161.83
16 109 3318.03
16 110 3447.38
16 111 1436.87
16 112 810.08
16 113 313.02
16 114 1886.2
16 115 2331.79
17 18 3180.02
17 19 2488.01
17 20 769.24
17 21 2876.76
17 22 2304.93
17 23 4367.23
17 24 2138.72
17 25 5984.65
17 26 4736.55
17 27 4553.93
17 28 4621.33
17 29 3975.28
17 30 4546.77
17 31 5354.81
17 32 2876.76
17 33 2876.76
17 34 2892.37
17 35 3145.99
17 36 3136.85
17 37 3975.28
17 38 4733.69
17 39 5022.48
17 40 2418.22
17 41 4856.3
17 42 3287.34
17 43 2702.47
17 44 2685.78
17 45 3368.01
17 46 3627.44
17 47 3627.44
17 48 6569.37
17 49 4357.16
17 50 5380.76
17 51 4809.98
17 52 4708.23
17 53 6061.43
17 54 1843.32
17 55 5683.85
17 56 5927.24
17 57 5257.25
17 58 6532.14
17 59 2579.82
17 60 2585.96
17 61 953.78
17 62 3707.82
17 63 3203.18
17 64 3361.68
17 65 4012.35
17 66 4008.14
17 67 3895.83
17 68 3895.83
17 69 4854.21
17 70 4603.54
17 71 3778.77
17 72 3839.43
17 73 4585.66
17 74 4633.75
17 75 2665.48
17 76 2665.48
17 77 3157.57
17 78 4871.25
17 79 5028.95
17 80 5186.35
17 81 5245.2
17 82 5597.05
17 83 5734.89
17 84 5597.05
17 85 5734.89
17 86 2744.43
17 87 1973.97
17 88 2006.78
17 89 5950.92
17 90 5337.23
17 91 4183.22
17 92 4069.0
17 93 3525.2
17 94 3525.2
17 95 245.45
17 96 2579.82
17 97 2321.82
17 98 3203.18
17 99 4389.14
17 100 4625.65
17 101 4939.88
17 102 749.21
17 103 760.81
17 104 5125.57
17 105 863.52
17 106 953.78
17 107 6279.56
17 108 6398.3
17 109 5554.5
17 110 5683.85
17 111 1520.06
17 112 2986.76
17 113 2876.76
17 114 4122.67
17 115 4568.26
18 19 1103.01
18 20 2104.84
18 21 720.02
18 22 1514.34
18 23 1482.36
18 24 1856.94
18 25 3088.29
18 26 1851.68
18 27 1669.05
18 28 1724.98
18 29 1090.4
18 30 1650.42
18 31 2458.45
18 32 720.02
18 33 720.02
18 34 305.13
18 35 160.76
18 36 151.62
18 37 1090.4
18 38 1837.34
18 39 2126.13
18 40 1204.69
18 41 1959.95
18 42 1621.83
18 43 1315.45
18 44 910.11
18 45 378.35
18 46 1865.22
18 47 1865.22
18 48 3673.02
18 49 1460.81
18 50 2484.4
18 51 1913.63
18 52 1811.87
18 53 3165.08
18 54 1519.54
18 55 2787.5
18 56 3030.89
18 57 2360.9
18 58 3635.79
18 59 1366.29
18 60 1497.14
18 61 2081.96
18 62 2042.31
18 63 318.31
18 64 955.61
18 65 1115.99
18 66 1111.79
18 67 1010.95
18 68 1010.95
18 69 1957.86
18 70 1707.19
18 71 893.89
18 72 954.56
18 73 1700.79
18 74 1737.4
18 75 952.97
18 76 952.97
18 77 895.13
18 78 1974.9
18 79 2132.6
18 80 2289.99
18 81 2348.85
18 82 2700.7
18 83 2838.54
18 84 2700.7
18 85 2838.54
18 86 852.35
18 87 1491.74
18 88 1546.98
18 89 3054.57
18 90 2440.88
18 91 1298.34
18 92 1184.13
18 93 376.88
18 94 376.88
18 95 2595.06
18 96 1366.29
18 97 2040.04
18 98 318.31
18 99 1504.27
18 100 1729.3
18 101 2043.53
18 102 2544.24
18 103 2274.93
18 104 2229.22
18 105 2199.12
18 106 2081.96
18 107 3383.21
18 108 3501.95
18 109 2658.15
18 110 2787.5
18 111 1843.88
18 112 1217.08
18 113 720.02
18 114 1237.79
18 115 1671.91
19 20 1392.51
19 21 388.75
19 22 802.0
19 23 2261.49
19 24 828.45
19 25 3878.9
19 26 2556.8
19 27 2374.18
19 28 2515.58
19 29 1573.84
19 30 2441.03
19 31 3249.06
19 32 388.75
19 33 388.75
19 34 786.87
19 35 1040.5
19 36 1031.36
19 37 1573.84
19 38 2627.95
19 39 2916.74
19 40 115.72
19 41 2750.55
19 42 984.84
19 43 603.12
19 44 197.77
19 45 1262.52
19 46 1324.94
19 47 1324.94
19 48 4463.63
19 49 2251.42
19 50 3275.01
19 51 2696.85
19 52 2602.48
19 53 3955.69
19 54 807.2
19 55 3578.11
19 56 3821.5
19 57 3151.5
19 58 4426.4
19 59 277.32
19 60 784.81
19 61 1369.63
19 62 1405.32
19 63 1097.44
19 64 873.67
19 65 1906.6
19 66 1902.4
19 67 1790.08
19 68 1790.08
19 69 2748.47
19 70 2497.79
19 71 1673.02
19 72 1733.69
19 73 2479.91
19 74 2528.0
19 75 362.98
19 76 362.98
19 77 669.56
19 78 2765.51
19 79 2923.2
19 80 3080.6
19 81 3139.45
19 82 3491.3
19 83 3629.14
19 84 3491.3
19 85 3629.14
19 86 256.42
19 87 779.41
19 88 694.83
19 89 3845.17
19 90 3231.49
19 91 2003.47
19 92 1891.85
19 93 1419.71
19 94 1419.71
19 95 1882.72
19 96 277.32
19 97 1011.55
19 98 1097.44
19 99 2283.39
19 100 2519.91
19 101 2834.14
19 102 1831.91
19 103 1562.59
19 104 3019.83
19 105 1486.78
19 106 1369.63
19 107 4173.81
19 108 4292.56
19 109 3448.75
19 110 3578.11
19 111 1131.54
19 112 504.75
19 113 388.75
19 114 2016.92
19 115 2462.51
20 21 2200.13
20 22 1535.69
20 23 3597.99
20 24 1462.09
20 25 5215.4
20 26 3967.31
20 27 3784.68
20 28 3852.08
20 29 3206.03
20 30 3777.53
20 31 4585.56
20 32 2200.13
20 33 2200.13
20 34 2123.12
20 35 2376.75
20 36 2367.61
20 37 3206.03
20 38 3964.45
20 39 4253.24
20 40 1741.59
20 41 4087.06
20 42 2610.7
20 43 1933.23
20 44 2009.15
20 45 2598.76
20 46 2950.81
20 47 2950.81
20 48 5800.13
20 49 3587.92
20 50 4611.51
20 51 4040.73
20 52 3938.98
20 53 5292.19
20 54 1074.07
20 55 4914.61
20 56 5158.0
20 57 4488.0
20 58 5762.9
20 59 1903.19
20 60 1816.71
20 61 658.08
20 62 3031.19
20 63 2433.94
20 64 2685.04
20 65 3243.1
20 66 3238.9
20 67 3126.58
20 68 3126.58
20 69 4084.97
20 70 3834.3
20 71 3009.52
20 72 3070.19
20 73 3816.42
20 74 3864.5
20 75 1988.84
20 76 1988.84
20 77 2480.93
20 78 4102.01
20 79 4259.71
20 80 4417.1
20 81 4475.96
20 82 4827.81
20 83 4965.65
20 84 4827.81
20 85 4965.65
20 86 2067.8
20 87 1204.73
20 88 1237.53
20 89 5181.68
20 90 4567.99
20 91 3413.97
20 92 3299.76
20 93 2755.96
20 94 2755.96
20 95 590.98
20 96 1903.19
20 97 1645.19
20 98 2433.94
20 99 3619.9
20 100 3856.41
20 101 4170.64
20 102 439.4
20 103 481.63
20 104 4356.33
20 105 94.27
20 106 658.08
20 107 5510.32
20 108 5629.06
20 109 4785.26
20 110 4914.61
20 111 750.82
20 112 2217.52
20 113 2200.13
20 114 3353.42
20 115 3799.01
21 22 794.32
21 23 1872.74
21 24 1136.92
21 25 3490.15
21 26 2168.05
21 27 1985.42
21 28 2126.83
21 29 1185.09
21 30 2052.27
21 31 2860.31
21 32 0
21 33 0
21 34 398.12
21 35 651.75
21 36 642.61
21 37 1185.09
21 38 2239.19
21 39 2527.98
21 40 484.67
21 41 2361.8
21 42 1007.5
21 43 595.43
21 44 190.09
21 45 873.76
21 46 1255.87
21 47 1255.87
21 48 4074.87
21 49 1862.66
21 50 2886.26
21 51 2308.1
21 52 2213.73
21 53 3566.93
21 54 799.52
21 55 3189.35
21 56 3432.74
21 57 2762.75
21 58 4037.64
21 59 646.27
21 60 777.12
21 61 1361.94
21 62 1427.99
21 63 708.68
21 64 484.91
21 65 1517.85
21 66 1513.64
21 67 1401.33
21 68 1401.33
21 69 2359.72
21 70 2109.04
21 71 1284.27
21 72 1344.93
21 73 2091.16
21 74 2139.25
21 75 338.65
21 76 338.65
21 77 280.8
21 78 2376.75
21 79 2534.45
21 80 2691.85
21 81 2750.7
21 82 3102.55
21 83 3240.39
21 84 3102.55
21 85 3240.39
21 86 132.33
21 87 771.72
21 88 826.96
21 89 3456.42
21 90 2842.73
21 91 1614.71
21 92 1503.1
21 93 1030.96
21 94 1030.96
21 95 1875.04
21 96 646.27
21 97 1320.02
21 98 708.68
21 99 1894.64
21 100 2131.15
21 101 2445.39
21 102 1824.22
21 103 1554.91
21 104 2631.07
21 105 1479.09
21 106 1361.94
21 107 3785.06
21 108 3903.8
21 109 3060.0
21 110 3189.35
21 111 1123.86
21 112 497.06
21 113 0
21 114 1628.17
21 115 2073.76
22 23 2062.3
22 24 1220.6
22 25 3679.71
22 26 2431.62
22 27 2248.99
22 28 2316.4
22 29 1670.35
22 30 2241.84
22 31 3049.87
22 32 791.43
22 33 791.43
22 34 587.43
22 35 841.06
22 36 831.92
22 37 1670.35
22 38 2428.76
22 39 2717.55
22 40 921.16
22 41 2551.37
22 42 1790.27
22 43 397.54
22 44 626.57
22 45 1063.08
22 46 2041.48
22 47 2041.48
22 48 4264.44
22 49 2052.23
22 50 3075.82
22 51 2505.05
22 52 2403.29
22 53 3756.5
22 54 728.71
22 55 3378.92
22 56 3622.31
22 57 2952.32
22 58 4227.21
22 59 1082.76
22 60 281.02
22 61 1438.11
22 62 2210.76
22 63 898.25
22 64 1270.53
22 65 1707.41
22 66 1703.21
22 67 1590.89
22 68 1590.89
22 69 2549.28
22 70 2298.61
22 71 1473.83
22 72 1534.5
22 73 2280.73
22 74 2328.82
22 75 1124.26
22 76 1124.26
22 77 1066.42
22 78 2566.32
22 79 2724.02
22 80 2881.41
22 81 2940.27
22 82 3292.12
22 83 3429.96
22 84 3292.12
22 85 3429.96
22 86 659.1
22 87 598.06
22 88 910.63
22 89 3645.99
22 90 3032.3
22 91 1878.28
22 92 1764.07
22 93 1220.27
22 94 1220.27
22 95 1951.2
22 96 1082.76
22 97 1403.7
22 98 898.25
22 99 2084.21
22 100 2320.72
22 101 2634.95
22 102 1900.39
22 103 1631.07
22 104 2820.64
22 105 1555.26
22 106 1438.11
22 107 3974.63
22 108 4093.37
22 109 3249.57
22 110 3378.92
22 111 936.48
22 112 681.83
22 113 791.43
22 114 1817.74
22 115 2263.33
23 24 3093.28
23 25 2281.98
23 26 526.84
23 27 555.3
23 28 939.38
23 29 1120.61
23 30 1201.92
23 31 1652.13
23 32 1956.36
23 33 1956.36
23 34 1541.47
23 35 1307.78
23 36 1316.93
23 37 1120.61
23 38 447.3
23 39 1319.81
23 40 2441.03
23 41 891.65
23 42 2416.94
23 43 2551.79
23 44 2146.44
23 45 1052.33
23 46 2192.27
23 47 2192.27
23 48 2866.7
23 49 1374.13
23 50 1835.59
23 51 515.9
23 52 1246.82
23 53 2454.4
23 54 2755.87
23 55 1981.18
23 56 2224.57
23 57 2020.7
23 58 2786.39
23 59 2602.63
23 60 2733.48
23 61 3318.3
23 62 2806.92
23 63 1131.52
23 64 1440.38
23 65 604.68
23 66 612.2
23 67 466.55
23 68 466.55
23 69 889.57
23 70 751.25
23 71 906.64
23 72 589.28
23 73 218.42
23 74 322.33
23 75 2189.3
23 76 2189.3
23 77 1654.33
23 78 1168.58
23 79 1100.8
23 80 1428.34
23 81 1317.05
23 82 1891.39
23 83 2029.23
23 84 1891.39
23 85 2029.23
23 86 2088.69
23 87 2728.08
23 88 2783.31
23 89 2245.26
23 90 2100.68
23 91 1051.14
23 92 912.86
23 93 1068.23
23 94 1068.23
23 95 3831.39
23 96 2602.63
23 97 3276.38
23 98 1131.52
23 99 176.66
23 100 1056.75
23 101 1237.21
23 102 3780.57
23 103 3511.26
23 104 1619.87
23 105 3435.45
23 106 3318.3
23 107 3043.01
23 108 2600.19
23 109 2322.41
23 110 1981.18
23 111 3080.21
23 112 2453.41
23 113 1956.36
23 114 285.08
23 115 1102.01
24 25 4355.91
24 26 3033.81
24 27 2851.18
24 28 2992.59
24 29 2050.85
24 30 2918.04
24 31 3726.07
24 32 865.76
24 33 865.76
24 34 1263.88
24 35 1517.51
24 36 1508.37
24 37 2050.85
24 38 3104.95
24 39 3393.74
24 40 407.22
24 41 3227.56
24 42 1276.33
24 43 1080.13
24 44 674.78
24 45 1739.52
24 46 1616.44
24 47 1616.44
24 48 4940.63
24 49 2728.42
24 50 3752.02
24 51 3173.86
24 52 3079.49
24 53 4432.69
24 54 650.34
24 55 4055.11
24 56 4298.51
24 57 3628.51
24 58 4903.4
24 59 568.82
24 60 997.66
24 61 1209.35
24 62 1696.82
24 63 1574.44
24 64 1350.68
24 65 2383.61
24 66 2379.4
24 67 2267.09
24 68 2267.09
24 69 3225.48
24 70 2974.8
24 71 2150.03
24 72 2210.69
24 73 2956.92
24 74 3005.01
24 75 654.47
24 76 654.47
24 77 1146.57
24 78 3242.51
24 79 3400.21
24 80 3557.61
24 81 3616.46
24 82 3968.31
24 83 4106.15
24 84 3968.31
24 85 4106.15
24 86 733.43
24 87 622.54
24 88 479.09
24 89 4322.18
24 90 3708.5
24 91 2480.47
24 92 2368.86
24 93 1896.72
24 94 1896.72
24 95 1690.15
24 96 568.82
24 97 310.82
24 98 1574.44
24 99 2760.4
24 100 2996.91
24 101 3311.15
24 102 1384.89
24 103 1402.32
24 104 3496.84
24 105 1193.44
24 106 1209.35
24 107 4650.82
24 108 4769.56
24 109 3925.76
24 110 4055.11
24 111 974.68
24 112 981.75
24 113 865.76
24 114 2493.93
24 115 2939.52
25 26 2356.47
25 27 2384.93
25 28 1662.23
25 29 2787.46
25 30 1533.07
25 31 1089.23
25 32 3616.11
25 33 3616.11
25 34 3201.22
25 35 2967.53
25 36 2976.68
25 37 2787.46
25 38 2130.0
25 39 1083.43
25 40 4100.78
25 41 1884.09
25 42 4221.49
25 43 4211.54
25 44 3806.19
25 45 2712.08
25 46 3996.82
25 47 3996.82
25 48 968.81
25 49 1869.44
25 50 701.46
25 51 2178.47
25 52 1742.13
25 53 172.42
25 54 4415.62
25 55 489.24
25 56 257.17
25 57 886.56
25 58 931.58
25 59 4262.38
25 60 4393.23
25 61 4978.05
25 62 4611.47
25 63 2791.27
25 64 3100.13
25 65 2264.43
25 66 2268.19
25 67 2126.31
25 68 2126.31
25 69 1557.89
25 70 1627.13
25 71 2573.5
25 72 2256.13
25 73 2134.94
25 74 2030.06
25 75 3849.05
25 76 3849.05
25 77 3314.08
25 78 1322.79
25 79 1346.66
25 80 1141.64
25 81 1562.91
25 82 678.58
25 83 837.68
25 84 678.58
25 85 837.68
25 86 3748.44
25 87 4387.83
25 88 4443.06
25 89 690.92
25 90 811.22
25 91 2855.69
25 92 2724.29
25 93 2727.98
25 94 2727.98
25 95 5491.14
25 96 4262.38
25 97 4936.13
25 98 2791.27
25 99 2056.67
25 100 1549.42
25 101 1206.96
25 102 5440.33
25 103 5171.01
25 104 1283.76
25 105 5095.2
25 106 4978.05
25 107 1583.79
25 108 799.22
25 109 1465.24
25 110 489.24
25 111 4739.96
25 112 4113.17
25 113 3616.11
25 114 1951.94
25 115 1606.81
26 27 331.33
26 28 1086.28
26 29 1466.98
26 30 1348.81
26 31 1770.1
26 32 2141.24
26 33 2141.24
26 34 2017.65
26 35 1813.53
26 36 1822.67
26 37 1466.98
26 38 517.67
26 39 1437.78
26 40 2625.91
26 41 747.79
26 42 2140.34
26 43 2736.67
26 44 2331.33
26 45 1558.08
26 46 1915.67
26 47 1915.67
26 48 2890.72
26 49 1559.66
26 50 1982.49
26 51 220.23
26 52 1432.35
26 53 2572.36
26 54 2940.76
26 55 2099.15
26 56 2342.54
26 57 2167.6
26 58 2303.05
26 59 2787.51
26 60 2918.37
26 61 3503.18
26 62 2530.32
26 63 1607.71
26 64 1916.56
26 65 1110.42
26 66 1117.95
26 67 972.3
26 68 972.3
26 69 918.19
26 70 824.35
26 71 1385.51
26 72 1095.02
26 73 313.93
26 74 417.72
26 75 2374.19
26 76 2374.19
26 77 2130.52
26 78 1286.55
26 79 1113.29
26 80 1441.26
26 81 1206.78
26 82 1904.31
26 83 2042.15
26 84 1904.31
26 85 2042.15
26 86 2273.57
26 87 2912.96
26 88 2968.2
26 89 1871.2
26 90 2247.58
26 91 774.54
26 92 882.52
26 93 1573.98
26 94 1573.98
26 95 4016.28
26 96 2787.51
26 97 3461.26
26 98 1607.71
26 99 682.41
26 100 1203.64
26 101 1355.18
26 102 3965.46
26 103 3696.15
26 104 1766.77
26 105 3620.34
26 106 3503.18
26 107 3189.91
26 108 2116.85
26 109 2469.31
26 110 2099.15
26 111 3265.1
26 112 2638.3
26 113 2141.24
26 114 790.83
26 115 1248.9
27 28 1268.9
27 29 1649.61
27 30 1531.44
27 31 1952.73
27 32 2323.87
27 33 2323.87
27 34 2200.28
27 35 1996.15
27 36 2005.3
27 37 1649.61
27 38 700.29
27 39 1620.4
27 40 2808.54
27 41 930.42
27 42 2322.96
27 43 2919.3
27 44 2513.95
27 45 1740.7
27 46 2098.29
27 47 2098.29
27 48 3073.34
27 49 1742.28
27 50 2165.12
27 51 402.86
27 52 1614.97
27 53 2754.99
27 54 3123.38
27 55 2281.77
27 56 2525.16
27 57 2350.22
27 58 2485.68
27 59 2970.14
27 60 3100.99
27 61 3685.81
27 62 2712.94
27 63 1790.33
27 64 2099.19
27 65 1293.05
27 66 1300.58
27 67 1154.93
27 68 1154.93
27 69 1100.82
27 70 1006.97
27 71 1568.13
27 72 1277.65
27 73 496.56
27 74 600.35
27 75 2556.81
27 76 2556.81
27 77 2313.14
27 78 1469.17
27 79 1295.92
27 80 1623.88
27 81 1389.4
27 82 2086.94
27 83 2224.78
27 84 2086.94
27 85 2224.78
27 86 2456.2
27 87 3095.59
27 88 3150.82
27 89 2053.82
27 90 2430.21
27 91 957.16
27 92 1065.15
27 93 1756.61
27 94 1756.61
27 95 4198.9
27 96 2970.14
27 97 3643.89
27 98 1790.33
27 99 865.03
27 100 1386.27
27 101 1537.81
27 102 4148.09
27 103 3878.77
27 104 1949.4
27 105 3802.96
27 106 3685.81
27 107 3372.53
27 108 2299.47
27 109 2651.93
27 110 2281.77
27 111 3447.73
27 112 2820.93
27 113 2323.87
27 114 973.46
27 115 1431.53
28 29 1488.46
28 30 291.63
28 31 866.18
28 32 2257.1
28 33 2257.1
28 34 1842.21
28 35 1608.53
28 36 1617.67
28 37 1488.46
28 38 830.99
28 39 625.88
28 40 2741.77
28 41 662.08
28 42 2875.4
28 43 2852.53
28 44 2447.19
28 45 1353.08
28 46 2650.73
28 47 2650.73
28 48 2172.77
28 49 502.47
28 50 896.21
28 51 879.46
28 52 375.16
28 53 1576.89
28 54 3056.62
28 55 1195.23
28 56 1530.64
28 57 1081.32
28 58 2135.54
28 59 2903.37
28 60 3034.22
28 61 3619.04
28 62 3265.38
28 63 1432.27
28 64 1741.12
28 65 905.42
28 66 901.22
28 67 827.3
28 68 827.3
28 69 659.99
28 70 366.14
28 71 1274.49
28 72 957.12
28 73 835.93
28 74 731.05
28 75 2490.05
28 76 2490.05
28 77 1955.08
28 78 598.68
28 79 756.37
28 80 789.74
28 81 972.62
28 82 1200.45
28 83 1338.29
28 84 1200.45
28 85 1338.29
28 86 2389.43
28 87 3028.82
28 88 3084.06
28 89 1554.32
28 90 1161.3
28 91 1556.68
28 92 1425.28
28 93 1368.98
28 94 1368.98
28 95 4132.14
28 96 2903.37
28 97 3577.12
28 98 1432.27
28 99 757.66
28 100 146.46
28 101 404.87
28 102 4081.32
28 103 3812.01
28 104 709.58
28 105 3736.2
28 106 3619.04
28 107 2103.63
28 108 2001.7
28 109 1412.12
28 110 1195.23
28 111 3380.96
28 112 2754.16
28 113 2257.1
28 114 652.93
28 115 191.72
29 30 1741.6
29 31 2213.78
29 32 1507.79
29 33 1507.79
29 34 1181.31
29 35 1055.64
29 36 1046.5
29 37 0
29 38 1589.49
29 39 1881.46
29 40 1992.46
29 41 1715.28
29 42 1790.19
29 43 2103.22
29 44 1697.87
29 45 1260.79
29 46 1565.52
29 47 1565.52
29 48 3428.35
29 49 1908.97
29 50 2380.04
29 51 1551.0
29 52 1781.65
29 53 3016.05
29 54 2307.3
29 55 2542.83
29 56 2786.22
29 57 2565.14
29 58 3391.12
29 59 2154.06
29 60 2284.91
29 61 2869.73
29 62 2180.17
29 63 771.36
29 64 710.35
29 65 1053.43
29 66 1060.96
29 67 915.31
29 68 915.31
29 69 1713.19
29 70 1462.52
29 71 549.16
29 72 609.83
29 73 1360.61
29 74 1464.52
29 75 1740.73
29 76 1740.73
29 77 924.3
29 78 1730.23
29 79 1887.93
29 80 2045.32
29 81 2104.18
29 82 2456.03
29 83 2593.87
29 84 2456.03
29 85 2593.87
29 86 1640.12
29 87 2279.51
29 88 2334.74
29 89 2809.9
29 90 2645.13
29 91 857.61
29 92 746.0
29 93 1417.98
29 94 1417.98
29 95 3382.82
29 96 2154.06
29 97 2827.81
29 98 771.36
29 99 1164.09
29 100 1601.19
29 101 1798.86
29 102 3332.01
29 103 3062.69
29 104 2164.32
29 105 2986.88
29 106 2869.73
29 107 3587.46
29 108 3257.28
29 109 2866.85
29 110 2542.83
29 111 2631.64
29 112 2004.85
29 113 1507.79
29 114 897.61
29 115 1641.69
30 31 1136.29
30 32 2091.01
30 33 2091.01
30 34 1676.12
30 35 1442.43
30 36 1451.58
30 37 1709.82
30 38 1101.1
30 39 895.99
30 40 2575.68
30 41 932.19
30 42 2709.31
30 43 2686.44
30 44 2281.09
30 45 1186.98
30 46 2484.64
30 47 2484.64
30 48 2442.88
30 49 336.38
30 50 965.38
30 51 1149.57
30 52 209.07
30 53 1646.06
30 54 2890.52
30 55 1354.42
30 56 1800.75
30 57 1062.51
30 58 2405.65
30 59 2737.28
30 60 2868.13
30 61 3452.95
30 62 3099.29
30 63 1266.17
30 64 1575.03
30 65 739.33
30 66 735.12
30 67 1052.29
30 68 1052.29
30 69 930.1
30 70 636.25
30 71 1145.06
30 72 1187.56
30 73 1106.04
30 74 1001.16
30 75 2323.95
30 76 2323.95
30 77 1788.98
30 78 868.78
30 79 1026.48
30 80 1059.85
30 81 1242.73
30 82 1470.56
30 83 1608.4
30 84 1470.56
30 85 1608.4
30 86 2223.34
30 87 2862.73
30 88 2917.96
30 89 1824.42
30 90 1142.49
30 91 1787.12
30 92 1655.72
30 93 1202.89
30 94 1202.89
30 95 3966.04
30 96 2737.28
30 97 3411.03
30 98 1266.17
30 99 1027.77
30 100 157.3
30 101 674.98
30 102 3915.23
30 103 3645.91
30 104 657.23
30 105 3570.1
30 106 3452.95
30 107 2084.82
30 108 2271.81
30 109 1359.76
30 110 1354.42
30 111 3214.86
30 112 2588.07
30 113 2091.01
30 114 891.65
30 115 99.91
31 32 2742.5
31 33 2742.5
31 34 2327.62
31 35 2093.93
31 36 2103.07
31 37 1997.1
31 38 1339.63
31 39 380.37
31 40 3227.17
31 41 1106.97
31 42 3360.8
31 43 3337.93
31 44 2932.59
31 45 1838.48
31 46 3136.13
31 47 3136.13
31 48 1674.26
31 49 987.87
31 50 911.49
31 51 1388.1
31 52 860.56
31 53 1261.95
31 54 3542.02
31 55 646.61
31 56 1032.13
31 57 1096.6
31 58 1637.03
31 59 3388.77
31 60 3519.63
31 61 4104.45
31 62 3750.78
31 63 1917.67
31 64 2226.53
31 65 1390.82
31 66 1386.62
31 67 1335.94
31 68 1335.94
31 69 780.76
31 70 836.76
31 71 1783.13
31 72 1465.76
31 73 1344.57
31 74 1239.69
31 75 2975.45
31 76 2975.45
31 77 2440.48
31 78 502.37
31 79 654.39
31 80 544.23
31 81 870.64
31 82 701.94
31 83 839.78
31 84 701.94
31 85 839.78
31 86 2874.83
31 87 3514.23
31 88 3569.46
31 89 1055.8
31 90 1176.58
31 91 2065.33
31 92 1933.92
31 93 1854.38
31 94 1854.38
31 95 4617.54
31 96 3388.77
31 97 4062.53
31 98 1917.67
31 99 1266.3
31 100 622.95
31 101 159.36
31 102 4566.72
31 103 4297.41
31 104 743.44
31 105 4221.6
31 106 4104.45
31 107 1999.8
31 108 1503.19
31 109 1489.23
31 110 646.61
31 111 3866.36
31 112 3239.56
31 113 2742.5
31 114 1161.57
31 115 680.35
32 33 0
32 34 398.12
32 35 651.75
32 36 642.61
32 37 1185.09
32 38 2239.19
32 39 2527.98
32 40 484.67
32 41 2361.8
32 42 1007.5
32 43 595.43
32 44 190.09
32 45 873.76
32 46 1255.87
32 47 1255.87
32 48 4074.87
32 49 1862.66
32 50 2886.26
32 51 2308.1
32 52 2213.73
32 53 3566.93
32 54 799.52
32 55 3189.35
32 56 3432.74
32 57 2762.75
32 58 4037.64
32 59 646.27
32 60 777.12
32 61 1361.94
32 62 1427.99
32 63 708.68
32 64 484.91
32 65 1517.85
32 66 1513.64
32 67 1401.33
32 68 1401.33
32 69 2359.72
32 70 2109.04
32 71 1284.27
32 72 1344.93
32 73 2091.16
32 74 2139.25
32 75 338.65
32 76 338.65
32 77 280.8
32 78 2376.75
32 79 2534.45
32 80 2691.85
32 81 2750.7
32 82 3102.55
32 83 3240.39
32 84 3102.55
32 85 3240.39
32 86 132.33
32 87 771.72
32 88 826.96
32 89 3456.42
32 90 2842.73
32 91 1614.71
32 92 1503.1
32 93 1030.96
32 94 1030.96
32 95 1875.04
32 96 646.27
32 97 1320.02
32 98 708.68
32 99 1894.64
32 100 2131.15
32 101 2445.39
32 102 1824.22
32 103 1554.91
32 104 2631.07
32 105 1479.09
32 106 1361.94
32 107 3785.06
32 108 3903.8
32 109 3060.0
32 110 3189.35
32 111 1123.86
32 112 497.06
32 113 0
32 114 1628.17
32 115 2073.76
33 34 398.12
33 35 651.75
33 36 642.61
33 37 1185.09
33 38 2239.19
33 39 2527.98
33 40 484.67
33 41 2361.8
33 42 1007.5
33 43 595.43
33 44 190.09
33 45 873.76
33 46 1255.87
33 47 1255.87
33 48 4074.87
33 49 1862.66
33 50 2886.26
33 51 2308.1
33 52 2213.73
33 53 3566.93
33 54 799.52
33 55 3189.35
33 56 3432.74
33 57 2762.75
33 58 4037.64
33 59 646.27
33 60 777.12
33 61 1361.94
33 62 1427.99
33 63 708.68
33 64 484.91
33 65 1517.85
33 66 1513.64
33 67 1401.33
33 68 1401.33
33 69 2359.72
33 70 2109.04
33 71 1284.27
33 72 1344.93
33 73 2091.16
33 74 2139.25
33 75 338.65
33 76 338.65
33 77 280.8
33 78 2376.75
33 79 2534.45
33 80 2691.85
33 81 2750.7
33 82 3102.55
33 83 3240.39
33 84 3102.55
33 85 3240.39
33 86 132.33
33 87 771.72
33 88 826.96
33 89 3456.42
33 90 2842.73
33 91 1614.71
33 92 1503.1
33 93 1030.96
33 94 1030.96
33 95 1875.04
33 96 646.27
33 97 1320.02
33 98 708.68
33 99 1894.64
33 100 2131.15
33 101 2445.39
33 102 1824.22
33 103 1554.91
33 104 2631.07
33 105 1479.09
33 106 1361.94
33 107 3785.06
33 108 3903.8
33 109 3060.0
33 110 3189.35
33 111 1123.86
33 112 497.06
33 113 0
33 114 1628.17
33 115 2073.76
34 35 253.63
34 36 244.48
34 37 1134.87
34 38 1893.28
34 39 2182.07
34 40 916.05
34 41 2015.89
34 42 1333.18
34 43 1026.81
34 44 621.46
34 45 475.64
34 46 1581.55
34 47 1581.55
34 48 3728.96
34 49 1516.75
34 50 2540.35
34 51 1969.57
34 52 1867.81
34 53 3221.02
34 54 1230.89
34 55 2843.44
34 56 3086.83
34 57 2416.84
34 58 3691.73
34 59 1077.65
34 60 1208.5
34 61 1793.32
34 62 1753.67
34 63 362.77
34 64 810.59
34 65 1171.94
34 66 1167.73
34 67 1055.41
34 68 1055.41
34 69 2013.8
34 70 1763.13
34 71 938.36
34 72 999.02
34 73 1745.25
34 74 1793.34
34 75 664.32
34 76 664.32
34 77 606.48
34 78 2030.84
34 79 2188.54
34 80 2345.93
34 81 2404.79
34 82 2756.64
34 83 2894.48
34 84 2756.64
34 85 2894.48
34 86 563.71
34 87 1203.1
34 88 1258.33
34 89 3110.51
34 90 2496.82
34 91 1342.8
34 92 1228.59
34 93 632.84
34 94 632.84
34 95 2306.41
34 96 1077.65
34 97 1751.4
34 98 362.77
34 99 1548.73
34 100 1785.24
34 101 2099.47
34 102 2255.6
34 103 1986.28
34 104 2285.16
34 105 1910.47
34 106 1793.32
34 107 3439.15
34 108 3557.89
34 109 2714.09
34 110 2843.44
34 111 1555.23
34 112 928.44
34 113 431.38
34 114 1282.26
34 115 1727.85
35 36 9.14
35 37 1037.82
35 38 1699.29
35 39 1988.08
35 40 1152.11
35 41 1821.9
35 42 1569.24
35 43 1262.87
35 44 857.53
35 45 240.3
35 46 1812.64
35 47 1812.64
35 48 3534.97
35 49 1322.76
35 50 2346.35
35 51 1775.58
35 52 1673.82
35 53 3027.03
35 54 1466.96
35 55 2649.45
35 56 2892.84
35 57 2222.85
35 58 3497.74
35 59 1313.71
35 60 1444.56
35 61 2029.38
35 62 1989.73
35 63 265.73
35 64 903.03
35 65 977.95
35 66 973.74
35 67 918.4
35 68 918.4
35 69 1819.81
35 70 1569.14
35 71 801.34
35 72 862.01
35 73 1608.23
35 74 1599.35
35 75 900.39
35 76 900.39
35 77 842.54
35 78 1836.85
35 79 1994.55
35 80 2151.94
35 81 2210.8
35 82 2562.65
35 83 2700.49
35 84 2562.65
35 85 2700.49
35 86 799.77
35 87 1439.16
35 88 1494.4
35 89 2916.52
35 90 2302.83
35 91 1245.76
35 92 1131.54
35 93 397.5
35 94 397.5
35 95 2542.48
35 96 1313.71
35 97 1987.46
35 98 265.73
35 99 1411.72
35 100 1591.25
35 101 1905.48
35 102 2491.66
35 103 2222.35
35 104 2091.17
35 105 2146.53
35 106 2029.38
35 107 3245.16
35 108 3363.9
35 109 2520.1
35 110 2649.45
35 111 1791.3
35 112 1164.5
35 113 667.44
35 114 1145.24
35 115 1533.86
36 37 1046.97
36 38 1690.15
36 39 1978.94
36 40 1161.26
36 41 1812.75
36 42 1578.39
36 43 1272.01
36 44 866.67
36 45 231.16
36 46 1821.78
36 47 1821.78
36 48 3525.83
36 49 1313.62
36 50 2337.21
36 51 1766.43
36 52 1664.68
36 53 3017.89
36 54 1476.1
36 55 2640.31
36 56 2883.7
36 57 2213.7
36 58 3488.6
36 59 1322.85
36 60 1453.71
36 61 2038.53
36 62 1998.87
36 63 274.87
36 64 912.17
36 65 968.8
36 66 964.6
36 67 909.26
36 68 909.26
36 69 1810.67
36 70 1559.99
36 71 792.2
36 72 852.86
36 73 1599.09
36 74 1590.2
36 75 909.53
36 76 909.53
36 77 851.69
36 78 1827.71
36 79 1985.4
36 80 2142.8
36 81 2201.65
36 82 2553.5
36 83 2691.34
36 84 2553.5
36 85 2691.34
36 86 808.91
36 87 1448.31
36 88 1503.54
36 89 2907.37
36 90 2293.69
36 91 1254.9
36 92 1140.69
36 93 388.35
36 94 388.35
36 95 2551.62
36 96 1322.85
36 97 1996.61
36 98 274.87
36 99 1402.57
36 100 1582.11
36 101 1896.34
36 102 2500.8
36 103 2231.49
36 104 2082.03
36 105 2155.68
36 106 2038.53
36 107 3236.01
36 108 3354.76
36 109 2510.96
36 110 2640.31
36 111 1800.44
36 112 1173.64
36 113 676.58
36 114 1136.1
36 115 1524.71
37 38 1589.49
37 39 1881.46
37 40 1992.46
37 41 1715.28
37 42 1790.19
37 43 2103.22
37 44 1697.87
37 45 1260.79
37 46 1565.52
37 47 1565.52
37 48 3428.35
37 49 1908.97
37 50 2380.04
37 51 1551.0
37 52 1781.65
37 53 3016.05
37 54 2307.3
37 55 2542.83
37 56 2786.22
37 57 2565.14
37 58 3391.12
37 59 2154.06
37 60 2284.91
37 61 2869.73
37 62 2180.17
37 63 771.36
37 64 710.35
37 65 1053.43
37 66 1060.96
37 67 915.31
37 68 915.31
37 69 1713.19
37 70 1462.52
37 71 549.16
37 72 609.83
37 73 1360.61
37 74 1464.52
37 75 1740.73
37 76 1740.73
37 77 924.3
37 78 1730.23
37 79 1887.93
37 80 2045.32
37 81 2104.18
37 82 2456.03
37 83 2593.87
37 84 2456.03
37 85 2593.87
37 86 1640.12
37 87 2279.51
37 88 2334.74
37 89 2809.9
37 90 2645.13
37 91 857.61
37 92 746.0
37 93 1417.98
37 94 1417.98
37 95 3382.82
37 96 2154.06
37 97 2827.81
37 98 771.36
37 99 1164.09
37 100 1601.19
37 101 1798.86
37 102 3332.01
37 103 3062.69
37 104 2164.32
37 105 2986.88
37 106 2869.73
37 107 3587.46
37 108 3257.28
37 109 2866.85
37 110 2542.83
37 111 2631.64
37 112 2004.85
37 113 1507.79
37 114 897.61
37 115 1641.69
38 39 920.11
38 40 2753.58
38 41 447.08
38 42 2643.86
38 43 2864.34
38 44 2459.0
38 45 1364.88
38 46 2419.19
38 47 2419.19
38 48 2467.0
38 49 1041.99
38 50 1464.83
38 51 400.76
38 52 914.68
38 53 2054.7
38 54 3068.43
38 55 1581.48
38 56 1824.87
38 57 1649.93
38 58 2341.82
38 59 2915.18
38 60 3046.03
38 61 3630.85
38 62 3033.84
38 63 1444.08
38 64 1752.93
38 65 917.23
38 66 924.76
38 67 779.11
38 68 779.11
38 69 444.99
38 70 306.68
38 71 1219.2
38 72 901.83
38 73 329.41
38 74 224.53
38 75 2501.86
38 76 2501.86
38 77 1966.89
38 78 768.88
38 79 656.23
38 80 983.77
38 81 872.48
38 82 1446.82
38 83 1584.66
38 84 1446.82
38 85 1584.66
38 86 2401.24
38 87 3040.63
38 88 3095.87
38 89 1800.69
38 90 1729.92
38 91 1278.06
38 92 1139.79
38 93 1380.79
38 94 1380.79
38 95 4143.95
38 96 2915.18
38 97 3588.93
38 98 1444.08
38 99 489.22
38 100 685.98
38 101 837.51
38 102 4093.13
38 103 3823.82
38 104 1249.11
38 105 3748.0
38 106 3630.85
38 107 2672.24
38 108 2155.62
38 109 1951.64
38 110 1581.48
38 111 3392.77
38 112 2765.97
38 113 2268.91
38 114 597.64
38 115 731.24
39 40 3030.2
39 41 826.76
39 42 3150.92
39 43 3140.96
39 44 2735.62
39 45 1641.5
39 46 2926.24
39 47 2926.24
39 48 1945.09
39 49 1174.82
39 50 1185.03
39 51 1107.9
39 52 1047.5
39 53 1532.79
39 54 3345.05
39 55 1059.57
39 56 1302.97
39 57 1370.14
39 58 1907.86
39 59 3191.8
39 60 3322.65
39 61 3907.47
39 62 3540.89
39 63 1720.7
39 64 2029.55
39 65 1193.85
39 66 1201.38
39 67 1055.73
39 68 1055.73
39 69 500.55
39 70 556.55
39 71 1502.92
39 72 1185.55
39 73 1064.36
39 74 959.48
39 75 2778.48
39 76 2778.48
39 77 2243.51
39 78 252.22
39 79 370.36
39 80 550.04
39 81 586.61
39 82 972.77
39 83 1110.61
39 84 972.77
39 85 1110.61
39 86 2677.86
39 87 3317.25
39 88 3372.49
39 89 1326.64
39 90 1450.12
39 91 1785.12
39 92 1653.71
39 93 1657.41
39 94 1657.41
39 95 4420.57
39 96 3191.8
39 97 3865.55
39 98 1720.7
39 99 986.09
39 100 818.8
39 101 458.48
39 102 4369.75
39 103 4100.44
39 104 1016.98
39 105 4024.62
39 106 3907.47
39 107 2392.45
39 108 1774.03
39 109 1762.77
39 110 1059.57
39 111 3669.39
39 112 3042.59
39 113 2545.53
39 114 881.36
39 115 864.06
40 41 2858.5
40 42 869.12
40 43 718.96
40 44 313.61
40 45 1370.47
40 46 1209.22
40 47 1209.22
40 48 4571.58
40 49 2359.37
40 50 3382.96
40 51 2782.61
40 52 2710.43
40 53 4063.64
40 54 923.04
40 55 3686.06
40 56 3929.45
40 57 3259.45
40 58 4534.35
40 59 161.6
40 60 900.65
40 61 1485.47
40 62 1289.6
40 63 1205.39
40 64 981.62
40 65 2014.55
40 66 2010.35
40 67 1898.03
40 68 1898.03
40 69 2856.42
40 70 2605.74
40 71 1780.97
40 72 1841.63
40 73 2587.86
40 74 2635.95
40 75 247.25
40 76 247.25
40 77 777.51
40 78 2873.46
40 79 3031.15
40 80 3188.55
40 81 3247.4
40 82 3599.25
40 83 3737.09
40 84 3599.25
40 85 3737.09
40 86 372.26
40 87 895.25
40 88 810.67
40 89 3953.12
40 90 3339.44
40 91 2089.22
40 92 1977.6
40 93 1527.66
40 94 1527.66
40 95 1998.56
40 96 161.6
40 97 1127.39
40 98 1205.39
40 99 2391.34
40 100 2627.86
40 101 2942.09
40 102 1947.75
40 103 1678.43
40 104 3127.78
40 105 1602.62
40 106 1485.47
40 107 4281.76
40 108 4400.51
40 109 3556.7
40 110 3686.06
40 111 1247.38
40 112 620.59
40 113 504.59
40 114 2124.87
40 115 2570.46
41 42 2895.26
41 43 3253.55
41 44 2848.2
41 45 1754.09
41 46 2670.59
41 47 2670.59
41 48 2501.62
41 49 1462.99
41 50 1741.56
41 51 534.69
41 52 1335.68
41 53 2089.31
41 54 3457.63
41 55 1616.1
41 56 1859.49
41 57 1926.66
41 58 2063.32
41 59 3304.39
41 60 3435.24
41 61 4020.06
41 62 3285.24
41 63 1833.28
41 64 2142.14
41 65 1306.44
41 66 1313.97
41 67 1168.32
41 68 1168.32
41 69 326.2
41 70 295.94
41 71 1608.4
41 72 1291.04
41 73 718.61
41 74 613.73
41 75 2891.06
41 76 2891.06
41 77 2356.09
41 78 808.74
41 79 537.44
41 80 865.41
41 81 728.83
41 82 1328.46
41 83 1466.3
41 84 1328.46
41 85 1466.3
41 86 2790.45
41 87 3429.84
41 88 3485.07
41 89 1631.46
41 90 2006.65
41 91 1529.46
41 92 1406.28
41 93 1770.0
41 94 1770.0
41 95 4533.15
41 96 3304.39
41 97 3978.14
41 98 1833.28
41 99 878.42
41 100 1106.98
41 101 1015.0
41 102 4482.34
41 103 4213.02
41 104 1573.5
41 105 4137.21
41 106 4020.06
41 107 2948.97
41 108 1877.11
41 109 2319.29
41 110 1616.1
41 111 3781.97
41 112 3155.18
41 113 2658.12
41 114 986.84
41 115 1152.23
42 43 1161.11
42 44 755.77
42 45 1382.09
42 46 340.1
42 47 340.1
42 48 4404.78
42 49 2192.57
42 50 3216.17
42 51 2563.18
42 52 2543.64
42 53 3896.84
42 54 1365.2
42 55 3519.26
42 56 3762.65
42 57 3092.66
42 58 4367.55
42 59 1211.95
42 60 1342.8
42 61 1927.62
42 62 1887.97
42 63 1038.59
42 64 740.0
42 65 1847.76
42 66 1843.55
42 67 1723.57
42 68 1723.57
42 69 2689.62
42 70 2438.95
42 71 1606.51
42 72 1667.18
42 73 2413.41
42 74 2469.16
42 75 798.63
42 76 798.63
42 77 610.71
42 78 2706.66
42 79 2864.36
42 80 3021.76
42 81 3080.61
42 82 3432.46
42 83 3570.3
42 84 3432.46
42 85 3570.3
42 86 698.01
42 87 1337.4
42 88 1392.64
42 89 3786.33
42 90 3172.64
42 91 1869.79
42 92 1758.18
42 93 1539.28
42 94 1539.28
42 95 2440.72
42 96 1211.95
42 97 1885.7
42 98 1038.59
42 99 2216.89
42 100 2461.06
42 101 2775.29
42 102 2389.9
42 103 2120.59
42 104 2960.98
42 105 2044.77
42 106 1927.62
42 107 4114.97
42 108 4233.71
42 109 3389.91
42 110 3519.26
42 111 1689.54
42 112 1062.74
42 113 565.68
42 114 1950.41
42 115 2403.67
43 44 418.11
43 45 854.61
43 46 1833.02
43 47 1833.02
43 48 4055.98
43 49 1843.77
43 50 2867.36
43 51 2296.58
43 52 2194.83
43 53 3548.04
43 54 929.86
43 55 3170.46
43 56 3413.85
43 57 2743.85
43 58 4018.75
43 59 874.29
43 60 181.69
43 61 1589.97
43 62 2002.3
43 63 689.79
43 64 1062.06
43 65 1498.95
43 66 1494.75
43 67 1382.43
43 68 1382.43
43 69 2340.82
43 70 2090.15
43 71 1265.37
43 72 1326.04
43 73 2072.27
43 74 2120.35
43 75 915.79
43 76 915.79
43 77 857.95
43 78 2357.86
43 79 2515.56
43 80 2672.95
43 81 2731.81
43 82 3083.66
43 83 3221.5
43 84 3083.66
43 85 3221.5
43 86 450.64
43 87 799.21
43 88 1054.98
43 89 3437.53
43 90 2823.84
43 91 1669.82
43 92 1555.61
43 93 1011.81
43 94 1011.81
43 95 2103.06
43 96 874.29
43 97 1548.04
43 98 689.79
43 99 1875.75
43 100 2112.26
43 101 2426.49
43 102 2052.24
43 103 1782.93
43 104 2612.18
43 105 1707.12
43 106 1589.97
43 107 3766.17
43 108 3884.91
43 109 3041.11
43 110 3170.46
43 111 1137.64
43 112 473.37
43 113 582.97
43 114 1609.27
43 115 2054.86
44 45 1064.74
44 46 1446.85
44 47 1446.85
44 48 4265.85
44 49 2053.64
44 50 3077.24
44 51 2499.08
44 52 2404.71
44 53 3757.91
44 54 609.43
44 55 3380.33
44 56 3623.72
44 57 2953.73
44 58 4228.62
44 59 482.3
44 60 587.04
44 61 1171.86
44 62 1610.31
44 63 899.66
44 64 675.89
44 65 1708.83
44 66 1704.62
44 67 1592.31
44 68 1592.31
44 69 2550.7
44 70 2300.02
44 71 1475.25
44 72 1535.91
44 73 2282.14
44 74 2330.23
44 75 529.63
44 76 529.63
44 77 471.78
44 78 2567.73
44 79 2725.43
44 80 2882.83
44 81 2941.68
44 82 3293.53
44 83 3431.37
44 84 3293.53
44 85 3431.37
44 86 58.65
44 87 581.64
44 88 636.87
44 89 3647.4
44 90 3033.71
44 91 1805.69
44 92 1694.08
44 93 1221.94
44 94 1221.94
44 95 1684.95
44 96 482.3
44 97 1129.94
44 98 899.66
44 99 2085.62
44 100 2322.13
44 101 2636.37
44 102 1634.13
44 103 1364.82
44 104 2822.05
44 105 1289.01
44 106 1171.86
44 107 3976.04
44 108 4094.78
44 109 3250.98
44 110 3380.33
44 111 933.77
44 112 306.97
44 113 190.98
44 114 1819.15
44 115 2264.74
45 46 1900.62
45 47 1900.62
45 48 3294.67
45 49 1082.46
45 50 2106.05
45 51 1535.27
45 52 1433.52
45 53 2786.73
45 54 1963.51
45 55 2409.15
45 56 2652.54
45 57 1982.54
45 58 3257.44
45 59 1810.27
45 60 1941.12
45 61 2525.94
45 62 2486.29
45 63 682.15
45 64 991.01
45 65 737.64
45 66 733.44
45 67 678.1
45 68 678.1
45 69 1579.51
45 70 1328.84
45 71 561.04
45 72 621.7
45 73 1367.93
45 74 1359.04
45 75 1396.94
45 76 1396.94
45 77 1204.96
45 78 1596.55
45 79 1754.25
45 80 1911.64
45 81 1970.5
45 82 2322.35
45 83 2460.19
45 84 2322.35
45 85 2460.19
45 86 1296.33
45 87 1935.72
45 88 1990.95
45 89 2676.22
45 90 2062.53
45 91 1221.27
45 92 1089.86
45 93 309.52
45 94 309.52
45 95 3039.03
45 96 1810.27
45 97 2484.02
45 98 682.15
45 99 1171.41
45 100 1350.95
45 101 1665.18
45 102 2988.22
45 103 2718.9
45 104 1850.87
45 105 2643.09
45 106 2525.94
45 107 3004.86
45 108 3123.6
45 109 2279.8
45 110 2409.15
45 111 2287.85
45 112 1661.06
45 113 1164.0
45 114 904.94
45 115 1293.55
46 47 0
46 48 4280.69
46 49 2068.48
46 50 3092.07
46 51 2439.09
46 52 2419.54
46 53 3772.75
46 54 1241.1
46 55 3395.17
46 56 3638.56
46 57 2968.57
46 58 4243.46
46 59 1087.86
46 60 1218.71
46 61 1803.53
46 62 1763.88
46 63 914.5
46 64 615.9
46 65 1723.66
46 66 1719.46
46 67 1599.48
46 68 1599.48
46 69 2565.53
46 70 2314.86
46 71 1482.42
46 72 1543.09
46 73 2289.31
46 74 2345.07
46 75 674.53
46 76 674.53
46 77 486.62
46 78 2582.57
46 79 2740.27
46 80 2897.66
46 81 2956.52
46 82 3308.37
46 83 3446.21
46 84 3308.37
46 85 3446.21
46 86 573.92
46 87 1213.31
46 88 1268.54
46 89 3662.24
46 90 3048.55
46 91 1745.7
46 92 1634.09
46 93 1415.19
46 94 1415.19
46 95 2316.62
46 96 1087.86
46 97 1761.61
46 98 914.5
46 99 2092.8
46 100 2336.97
46 101 2651.2
46 102 2265.81
46 103 1996.49
46 104 2836.89
46 105 1920.68
46 106 1803.53
46 107 3990.88
46 108 4109.62
46 109 3265.82
46 110 3395.17
46 111 1565.45
46 112 938.65
46 113 441.59
46 114 1826.32
46 115 2279.58
47 48 4280.69
47 49 2068.48
47 50 3092.07
47 51 2439.09
47 52 2419.54
47 53 3772.75
47 54 1241.1
47 55 3395.17
47 56 3638.56
47 57 2968.57
47 58 4243.46
47 59 1087.86
47 60 1218.71
47 61 1803.53
47 62 1763.88
47 63 914.5
47 64 615.9
47 65 1723.66
47 66 1719.46
47 67 1599.48
47 68 1599.48
47 69 2565.53
47 70 2314.86
47 71 1482.42
47 72 1543.09
47 73 2289.31
47 74 2345.07
47 75 674.53
47 76 674.53
47 77 486.62
47 78 2582.57
47 79 2740.27
47 80 2897.66
47 81 2956.52
47 82 3308.37
47 83 3446.21
47 84 3308.37
47 85 3446.21
47 86 573.92
47 87 1213.31
47 88 1268.54
47 89 3662.24
47 90 3048.55
47 91 1745.7
47 92 1634.09
47 93 1415.19
47 94 1415.19
47 95 2316.62
47 96 1087.86
47 97 1761.61
47 98 914.5
47 99 2092.8
47 100 2336.97
47 101 2651.2
47 102 2265.81
47 103 1996.49
47 104 2836.89
47 105 1920.68
47 106 1803.53
47 107 3990.88
47 108 4109.62
47 109 3265.82
47 110 3395.17
47 111 1565.45
47 112 938.65
47 113 441.59
47 114 1826.32
47 115 2279.58
48 49 2721.95
48 50 1746.53
48 51 2890.53
48 52 2594.64
48 53 1217.49
48 54 5127.68
48 55 1342.66
48 56 844.0
48 57 1931.63
48 58 697.49
48 59 4974.43
48 60 5105.28
48 61 5690.1
48 62 5323.53
48 63 3503.33
48 64 3812.18
48 65 2976.48
48 66 2984.01
48 67 2838.36
48 68 2838.36
48 69 2269.95
48 70 2339.19
48 71 3285.55
48 72 2968.19
48 73 2846.99
48 74 2742.11
48 75 4561.11
48 76 4561.11
48 77 4026.14
48 78 2034.85
48 79 2058.71
48 80 1789.08
48 81 2250.24
48 82 1326.03
48 83 1475.61
48 84 1326.03
48 85 1475.61
48 86 4460.49
48 87 5099.88
48 88 5155.12
48 89 1259.58
48 90 1856.29
48 91 3567.75
48 92 3436.35
48 93 3440.04
48 94 3440.04
48 95 6203.2
48 96 4974.43
48 97 5648.18
48 98 3503.33
48 99 2768.73
48 100 2357.03
48 101 1919.02
48 102 6152.38
48 103 5883.07
48 104 2328.83
48 105 5807.26
48 106 5690.1
48 107 2628.86
48 108 1296.16
48 109 2510.31
48 110 1342.66
48 111 5452.02
48 112 4825.22
48 113 4328.16
48 114 2663.99
48 115 2414.43
49 50 1023.59
49 51 1339.18
49 52 398.68
49 53 1704.27
49 54 3080.14
49 55 1412.63
49 56 1898.11
49 57 900.09
49 58 2572.51
49 59 2926.89
49 60 3057.74
49 61 3642.56
49 62 3288.9
49 63 1455.79
49 64 1764.64
49 65 928.94
49 66 924.74
49 67 1241.9
49 68 1241.9
49 69 1119.71
49 70 825.86
49 71 1334.67
49 72 1377.17
49 73 1295.65
49 74 1190.77
49 75 2513.56
49 76 2513.56
49 77 1978.6
49 78 1058.4
49 79 1216.09
49 80 1249.46
49 81 1432.34
49 82 1660.17
49 83 1798.01
49 84 1660.17
49 85 1798.01
49 86 2412.95
49 87 3052.34
49 88 3107.58
49 89 2014.04
49 90 980.07
49 91 1976.73
49 92 1845.33
49 93 1392.5
49 94 1392.5
49 95 4155.66
49 96 2926.89
49 97 3600.64
49 98 1455.79
49 99 1217.38
49 100 346.91
49 101 864.59
49 102 4104.84
49 103 3835.53
49 104 846.84
49 105 3759.71
49 106 3642.56
49 107 1922.4
49 108 2440.15
49 109 1197.34
49 110 1412.63
49 111 3404.48
49 112 2777.68
49 113 2280.62
49 114 1081.26
49 115 289.52
50 51 1840.23
50 52 1040.68
50 53 680.68
50 54 3722.13
50 55 455.19
50 56 884.0
50 57 185.1
50 58 1558.4
50 59 3568.89
50 60 3699.74
50 61 4284.56
50 62 3930.9
50 63 2097.78
50 64 2406.64
50 65 1570.94
50 66 1566.73
50 67 1788.07
50 68 1788.07
50 69 1381.38
50 70 1326.91
50 71 1976.67
50 72 1917.89
50 73 1796.7
50 74 1691.82
50 75 3155.56
50 76 3155.56
50 77 2620.59
50 78 1102.99
50 79 1255.01
50 80 1144.85
50 81 1471.26
50 82 956.35
50 83 1115.44
50 84 956.35
50 85 1115.44
50 86 3054.95
50 87 3694.34
50 88 3749.57
50 89 1065.45
50 90 265.09
50 91 2517.45
50 92 2386.05
50 93 2034.5
50 94 2034.5
50 95 4797.65
50 96 3568.89
50 97 4242.64
50 98 2097.78
50 99 1718.43
50 100 847.97
50 101 759.98
50 102 4746.84
50 103 4477.52
50 104 582.31
50 105 4401.71
50 106 4284.56
50 107 1207.42
50 108 1426.04
50 109 763.78
50 110 455.19
50 111 4046.48
50 112 3419.68
50 113 2922.62
50 114 1613.7
50 115 905.36
51 52 1283.68
51 53 2423.7
51 54 3112.95
51 55 1950.48
51 56 2193.87
51 57 2018.93
51 58 2299.8
51 59 2959.71
51 60 3090.56
51 61 3675.38
51 62 2750.55
51 63 1488.6
51 64 1797.46
51 65 961.76
51 66 969.29
51 67 823.63
51 68 823.63
51 69 705.09
51 70 675.68
51 71 1263.72
51 72 946.36
51 73 302.99
51 74 269.05
51 75 2546.38
51 76 2546.38
51 77 2011.41
51 78 1137.88
51 79 900.19
51 80 1228.16
51 81 993.68
51 82 1691.22
51 83 1829.06
51 84 1691.22
51 85 1829.06
51 86 2445.77
51 87 3085.16
51 88 3140.39
51 89 1867.95
51 90 2098.91
51 91 994.77
51 92 871.58
51 93 1425.31
51 94 1425.31
51 95 4188.47
51 96 2959.71
51 97 3633.46
51 98 1488.6
51 99 533.74
51 100 1054.98
51 101 1206.51
51 102 4137.66
51 103 3868.34
51 104 1618.1
51 105 3792.53
51 106 3675.38
51 107 3041.24
51 108 2113.6
51 109 2320.64
51 110 1950.48
51 111 3437.29
51 112 2810.49
51 113 2313.44
51 114 642.16
51 115 1100.24
52 53 2206.7
52 54 2829.98
52 55 1915.06
52 56 2361.39
52 57 1623.15
52 58 2966.29
52 59 2676.73
52 60 2807.58
52 61 3392.4
52 62 3038.74
52 63 1205.63
52 64 1514.48
52 65 678.78
52 66 674.58
52 67 991.75
52 68 991.75
52 69 1340.49
52 70 1058.3
52 71 1084.51
52 72 1127.01
52 73 1224.9
52 74 1120.02
52 75 2263.41
52 76 2263.41
52 77 1728.44
52 78 1326.02
52 79 1483.71
52 80 1620.49
52 81 1699.96
52 82 2031.2
52 83 2169.04
52 84 2031.2
52 85 2169.04
52 86 2162.79
52 87 2802.18
52 88 2857.42
52 89 2385.07
52 90 1703.13
52 91 1726.58
52 92 1595.17
52 93 1142.34
52 94 1142.34
52 95 3905.5
52 96 2676.73
52 97 3350.48
52 98 1205.63
52 99 1087.62
52 100 717.95
52 101 1235.62
52 102 3854.68
52 103 3585.37
52 104 1217.87
52 105 3509.56
52 106 3392.4
52 107 2645.46
52 108 2832.45
52 109 1920.4
52 110 1915.06
52 111 3154.32
52 112 2527.52
52 113 2030.46
52 114 831.1
52 115 660.55
53 54 4421.34
53 55 661.33
53 56 373.16
53 57 884.31
53 58 1047.56
53 59 4268.09
53 60 4398.95
53 61 4983.77
53 62 4630.1
53 63 2796.99
53 64 3105.85
53 65 2270.14
53 66 2265.94
53 67 2298.39
53 68 2298.39
53 69 1729.97
53 70 1799.22
53 71 2675.88
53 72 2428.21
53 73 2307.02
53 74 2202.14
53 75 3854.77
53 76 3854.77
53 77 3319.8
53 78 1494.88
53 79 1518.74
53 80 1313.72
53 81 1734.99
53 82 850.66
53 83 1009.76
53 84 850.66
53 85 1009.76
53 86 3754.15
53 87 4393.55
53 88 4448.78
53 89 863.0
53 90 808.97
53 91 3027.78
53 92 2896.38
53 93 2733.7
53 94 2733.7
53 95 5496.86
53 96 4268.09
53 97 4941.84
53 98 2796.99
53 99 2228.75
53 100 1547.17
53 101 1267.31
53 102 5446.04
53 103 5176.73
53 104 1281.51
53 105 5100.92
53 106 4983.77
53 107 1554.4
53 108 915.2
53 109 1462.98
53 110 661.33
53 111 4745.68
53 112 4118.88
53 113 3621.82
53 114 2124.02
53 115 1604.56
54 55 3840.54
54 56 4083.93
54 57 3413.93
54 58 4688.83
54 59 1091.43
54 60 742.64
54 61 709.4
54 62 2219.44
54 63 1359.87
54 64 1732.14
54 65 2169.03
54 66 2164.83
54 67 2052.51
54 68 2052.51
54 69 3010.9
54 70 2760.22
54 71 1935.45
54 72 1996.12
54 73 2742.34
54 74 2790.43
54 75 1177.09
54 76 1177.09
54 77 1528.03
54 78 3027.94
54 79 3185.63
54 80 3343.03
54 81 3401.88
54 82 3753.74
54 83 3891.58
54 84 3753.74
54 85 3891.58
54 86 1120.72
54 87 130.66
54 88 313.5
54 89 4107.6
54 90 3493.92
54 91 2339.9
54 92 2225.68
54 93 1681.89
54 94 1681.89
54 95 1222.49
54 96 1091.43
54 97 833.44
54 98 1359.87
54 99 2545.83
54 100 2782.34
54 101 3096.57
54 102 1171.68
54 103 902.36
54 104 3282.26
54 105 826.55
54 106 709.4
54 107 4436.24
54 108 4554.99
54 109 3711.19
54 110 3840.54
54 111 324.34
54 112 1143.45
54 113 1253.05
54 114 2279.35
54 115 2724.94
55 56 485.48
55 57 613.84
55 58 1159.89
55 59 3997.63
55 60 4128.48
55 61 4713.3
55 62 4359.63
55 63 2526.52
55 64 2835.38
55 65 1999.68
55 66 1995.47
55 67 1948.88
55 68 1948.88
55 69 1380.46
55 70 1449.7
55 71 2396.07
55 72 2078.7
55 73 1957.51
55 74 1852.63
55 75 3584.3
55 76 3584.3
55 77 3049.33
55 78 1145.37
55 79 1169.23
55 80 964.21
55 81 1385.48
55 82 501.15
55 83 660.25
55 84 501.15
55 85 660.25
55 86 3483.69
55 87 4123.08
55 88 4178.31
55 89 610.25
55 90 538.5
55 91 2678.27
55 92 2546.86
55 93 2463.23
55 94 2463.23
55 95 5226.39
55 96 3997.63
55 97 4671.38
55 98 2526.52
55 99 1879.24
55 100 1276.7
55 101 972.68
55 102 5175.58
55 103 4906.26
55 104 1011.04
55 105 4830.45
55 106 4713.3
55 107 1353.19
55 108 1027.52
55 109 1192.52
55 110 0
55 111 4475.21
55 112 3848.42
55 113 3351.36
55 114 1774.51
55 115 1334.1
56 57 1087.64
56 58 674.4
56 59 4220.31
56 60 4351.17
56 61 4935.99
56 62 4569.41
56 63 2749.21
56 64 3058.07
56 65 2222.37
56 66 2229.89
56 67 2084.24
56 68 2084.24
56 69 1515.83
56 70 1585.07
56 71 2531.44
56 72 2214.07
56 73 2092.88
56 74 1988.0
56 75 3806.99
56 76 3806.99
56 77 3272.02
56 78 1280.73
56 79 1304.59
56 80 1034.96
56 81 1496.12
56 82 571.91
56 83 721.49
56 84 571.91
56 85 721.49
56 86 3706.37
56 87 4345.77
56 88 4401.0
56 89 505.46
56 90 1012.29
56 91 2813.63
56 92 2682.23
56 93 2685.92
56 94 2685.92
56 95 5449.08
56 96 4220.31
56 97 4894.07
56 98 2749.21
56 99 2014.61
56 100 1602.92
56 101 1164.9
56 102 5398.26
56 103 5128.95
56 104 1484.84
56 105 5053.14
56 106 4935.99
56 107 1784.87
56 108 542.04
56 109 1666.31
56 110 498.66
56 111 4697.9
56 112 4071.1
56 113 3574.04
56 114 1909.88
56 115 1660.31
57 58 1743.51
57 59 3753.99
57 60 3884.85
57 61 4469.66
57 62 4116.0
57 63 2282.89
57 64 2591.74
57 65 1756.04
57 66 1751.84
57 67 1973.17
57 68 1973.17
57 69 1566.49
57 70 1512.02
57 71 2161.77
57 72 2103.0
57 73 1981.8
57 74 1876.92
57 75 3340.67
57 76 3340.67
57 77 2805.7
57 78 1288.09
57 79 1440.12
57 80 1329.95
57 81 1656.37
57 82 1141.45
57 83 1300.55
57 84 1141.45
57 85 1300.55
57 86 3240.05
57 87 3879.44
57 88 3934.68
57 89 1250.55
57 90 79.99
57 91 2702.56
57 92 2571.16
57 93 2219.6
57 94 2219.6
57 95 4982.76
57 96 3753.99
57 97 4427.74
57 98 2282.89
57 99 1903.53
57 100 1033.07
57 101 945.08
57 102 4931.94
57 103 4662.63
57 104 767.41
57 105 4586.82
57 106 4469.66
57 107 1022.31
57 108 1611.15
57 109 640.27
57 110 640.3
57 111 4231.58
57 112 3604.78
57 113 3107.72
57 114 1798.8
57 115 1090.46
58 59 4806.56
58 60 4937.41
58 61 5522.23
58 62 5155.66
58 63 3335.46
58 64 3644.31
58 65 2808.61
58 66 2816.14
58 67 2670.49
58 68 2670.49
58 69 2102.08
58 70 2171.32
58 71 3117.68
58 72 2800.32
58 73 2679.12
58 74 2574.24
58 75 4393.24
58 76 4393.24
58 77 3858.27
58 78 1866.98
58 79 1890.84
58 80 1621.21
58 81 2082.37
58 82 1158.16
58 83 1307.74
58 84 1158.16
58 85 1307.74
58 86 4292.62
58 87 4932.01
58 88 4987.25
58 89 1091.71
58 90 1688.42
58 91 3399.88
58 92 3268.48
58 93 3272.17
58 94 3272.17
58 95 6035.33
58 96 4806.56
58 97 5480.31
58 98 3335.46
58 99 2600.86
58 100 2189.16
58 101 1751.15
58 102 5984.51
58 103 5715.2
58 104 2160.96
58 105 5639.39
58 106 5522.23
58 107 2460.99
58 108 1128.29
58 109 2342.44
58 110 1174.79
58 111 5284.15
58 112 4657.35
58 113 4160.29
58 114 2496.12
58 115 2246.56
59 60 1047.85
59 61 1632.67
59 62 1451.12
59 63 1360.47
59 64 1136.7
59 65 2169.64
59 66 2165.43
59 67 2053.12
59 68 2053.12
59 69 3011.51
59 70 2760.83
59 71 1936.06
59 72 1996.72
59 73 2742.95
59 74 2791.04
59 75 408.77
59 76 408.77
59 77 932.59
59 78 3028.54
59 79 3186.24
59 80 3343.64
59 81 3402.49
59 82 3754.34
59 83 3892.18
59 84 3754.34
59 85 3892.18
59 86 519.46
59 87 1042.45
59 88 957.87
59 89 4108.21
59 90 3494.52
59 91 2250.74
59 92 2139.12
59 93 1682.75
59 94 1682.75
59 95 2145.76
59 96 0
59 97 1274.59
59 98 1360.47
59 99 2546.43
59 100 2782.94
59 101 3097.18
59 102 2094.94
59 103 1825.63
59 104 3282.86
59 105 1749.82
59 106 1632.67
59 107 4436.85
59 108 4555.59
59 109 3711.79
59 110 3841.14
59 111 1394.58
59 112 767.78
59 113 651.79
59 114 2279.96
59 115 2725.55
60 61 1457.57
60 62 2190.73
60 63 878.22
60 64 1250.5
60 65 1687.39
60 66 1683.18
60 67 1570.87
60 68 1570.87
60 69 2529.25
60 70 2278.58
60 71 1453.81
60 72 1514.47
60 73 2260.7
60 74 2308.79
60 75 1104.23
60 76 1104.23
60 77 1046.39
60 78 2546.29
60 79 2703.99
60 80 2861.38
60 81 2920.24
60 82 3272.09
60 83 3409.93
60 84 3272.09
60 85 3409.93
60 86 639.07
60 87 617.52
60 88 930.09
60 89 3625.96
60 90 3012.27
60 91 1858.25
60 92 1744.04
60 93 1200.24
60 94 1200.24
60 95 1970.66
60 96 1062.73
60 97 1423.16
60 98 878.22
60 99 2064.18
60 100 2300.69
60 101 2614.92
60 102 1919.85
60 103 1650.53
60 104 2800.61
60 105 1574.72
60 106 1457.57
60 107 3954.6
60 108 4073.34
60 109 3229.54
60 110 3358.89
60 111 955.94
60 112 661.8
60 113 771.4
60 114 1797.71
60 115 2243.3
61 62 3705.78
61 63 3108.53
61 64 3359.64
61 65 3917.7
61 66 3913.49
61 67 3801.18
61 68 3801.18
61 69 4759.57
61 70 4508.89
61 71 3684.12
61 72 3744.78
61 73 4491.01
61 74 4539.1
61 75 2663.44
61 76 2663.44
61 77 3155.53
61 78 4776.6
61 79 4934.3
61 80 5091.7
61 81 5150.55
61 82 5502.4
61 83 5640.24
61 84 5502.4
61 85 5640.24
61 86 2742.39
61 87 1879.32
61 88 1912.13
61 89 5856.27
61 90 5242.58
61 91 4088.57
61 92 3974.35
61 93 3430.56
61 94 3430.56
61 95 775.51
61 96 2577.78
61 97 2319.78
61 98 3108.53
61 99 4294.49
61 100 4531.0
61 101 4845.24
61 102 955.63
61 103 192.96
61 104 5030.93
61 105 768.87
61 106 0
61 107 6184.91
61 108 6303.65
61 109 5459.85
61 110 5589.2
61 111 1425.42
61 112 2892.12
61 113 2874.72
61 114 4028.02
61 115 4473.61
62 63 2082.7
62 64 1784.1
62 65 2640.15
62 66 2647.68
62 67 2502.03
62 68 2502.03
62 69 3299.91
62 70 3049.23
62 71 2135.88
62 72 2196.54
62 73 2911.63
62 74 3015.54
62 75 1842.73
62 76 1842.73
62 77 1654.82
62 78 3316.95
62 79 3474.64
62 80 3632.04
62 81 3690.89
62 82 4042.74
62 83 4180.58
62 84 4042.74
62 85 4180.58
62 86 1742.11
62 87 2381.5
62 88 2436.74
62 89 4396.61
62 90 4216.75
62 91 2264.21
62 92 2152.59
62 93 2583.38
62 94 2583.38
62 95 3484.82
62 96 2256.05
62 97 2929.8
62 98 2082.7
62 99 2750.8
62 100 3187.91
62 101 3385.58
62 102 3434.0
62 103 3164.69
62 104 3751.03
62 105 3088.88
62 106 2971.72
62 107 5159.07
62 108 4844.0
62 109 4434.01
62 110 4129.55
62 111 2733.64
62 112 2106.84
62 113 1609.78
62 114 2484.33
62 115 3228.4
63 64 637.3
63 65 809.16
63 66 804.96
63 67 692.64
63 68 692.64
63 69 1651.03
63 70 1400.36
63 71 575.58
63 72 636.25
63 73 1382.48
63 74 1430.57
63 75 1057.78
63 76 1057.78
63 77 851.25
63 78 1668.07
63 79 1825.77
63 80 1983.16
63 81 2042.02
63 82 2393.87
63 83 2531.71
63 84 2393.87
63 85 2531.71
63 86 957.16
63 87 1596.56
63 88 1651.79
63 89 2747.74
63 90 2134.05
63 91 980.03
63 92 865.82
63 93 646.62
63 94 646.62
63 95 2699.87
63 96 1471.1
63 97 2144.86
63 98 0
63 99 1185.96
63 100 1422.47
63 101 1736.7
63 102 2649.05
63 103 2379.74
63 104 1922.39
63 105 2303.93
63 106 2186.78
63 107 3076.38
63 108 3195.12
63 109 2351.32
63 110 2480.67
63 111 1948.69
63 112 1321.89
63 113 824.83
63 114 919.48
63 115 1365.07
64 65 1146.73
64 66 1154.26
64 67 1008.61
64 68 1008.61
64 69 2000.33
64 70 1749.66
64 71 891.55
64 72 952.22
64 73 1698.44
64 74 1779.87
64 75 1030.38
64 76 1030.38
64 77 213.95
64 78 2017.37
64 79 2175.07
64 80 2332.46
64 81 2391.32
64 82 2743.17
64 83 2881.01
64 84 2743.17
64 85 2881.01
64 86 929.77
64 87 1569.16
64 88 1624.39
64 89 3097.04
64 90 2775.88
64 91 1242.56
64 92 1130.94
64 93 1142.52
64 94 1142.52
64 95 2672.47
64 96 1443.71
64 97 2117.46
64 98 641.83
64 99 1501.93
64 100 1792.38
64 101 2086.0
64 102 2621.66
64 103 2352.34
64 104 2292.3
64 105 2276.53
64 106 2159.38
64 107 3718.21
64 108 3544.42
64 109 2993.15
64 110 2829.97
64 111 1921.3
64 112 1294.5
64 113 797.44
64 114 1235.45
64 115 1734.99
65 66 603.58
65 67 522.79
65 68 522.79
65 69 1449.65
65 70 1198.98
65 71 405.73
65 72 466.4
65 73 1212.62
65 74 1229.18
65 75 1584.63
65 76 1584.63
65 77 1049.66
65 78 1466.69
65 79 1624.39
65 80 1781.78
65 81 1840.64
65 82 2192.49
65 83 2330.33
65 84 2192.49
65 85 2330.33
65 86 1484.01
65 87 2123.4
65 88 2178.64
65 89 2546.36
65 90 1932.67
65 91 1065.96
65 92 934.56
65 93 463.56
65 94 463.56
65 95 3226.72
65 96 1997.95
65 97 2671.7
65 98 526.85
65 99 1016.11
65 100 1221.09
65 101 1535.32
65 102 3175.9
65 103 2906.59
65 104 1721.01
65 105 2830.77
65 106 2713.62
65 107 2875.0
65 108 2993.74
65 109 2149.94
65 110 2279.29
65 111 2475.54
65 112 1848.74
65 113 1351.68
65 114 749.63
65 115 1163.69
66 67 473.22
66 68 473.22
66 69 846.07
66 70 595.4
66 71 914.2
66 72 608.49
66 73 730.49
66 74 625.61
66 75 2093.09
66 76 2093.09
66 77 1558.12
66 78 863.11
66 79 1020.81
66 80 1178.2
66 81 1237.06
66 82 1588.91
66 83 1726.75
66 84 1588.91
66 85 1726.75
66 86 1992.48
66 87 2631.87
66 88 2687.1
66 89 1942.78
66 90 1623.31
66 91 1208.05
66 92 1076.65
66 93 972.03
66 94 972.03
66 95 3735.18
66 96 2506.42
66 97 3180.17
66 98 1035.31
66 99 593.2
66 100 638.12
66 101 931.74
66 102 3684.37
66 103 3415.05
66 104 1138.04
66 105 3339.24
66 106 3222.09
66 107 2565.63
66 108 2390.16
66 109 1840.58
66 110 1675.71
66 111 2984.0
66 112 2357.21
66 113 1860.15
66 114 319.61
66 115 580.73
67 68 0
67 69 991.72
67 70 741.05
67 71 543.85
67 72 604.52
67 73 876.14
67 74 771.26
67 75 1722.75
67 76 1722.75
67 77 1187.78
67 78 1008.76
67 79 1166.46
67 80 1323.85
67 81 1382.71
67 82 1734.56
67 83 1872.4
67 84 1734.56
67 85 1872.4
67 86 1622.13
67 87 2261.52
67 88 2316.76
67 89 2088.43
67 90 1768.96
67 91 1204.08
67 92 1072.68
67 93 601.68
67 94 601.68
67 95 3364.84
67 96 2136.07
67 97 2809.82
67 98 664.97
67 99 738.85
67 100 783.77
67 101 1077.39
67 102 3314.02
67 103 3044.71
67 104 1283.69
67 105 2968.9
67 106 2851.74
67 107 2711.29
67 108 2535.81
67 109 1986.23
67 110 1821.36
67 111 2613.66
67 112 1986.86
67 113 1489.8
67 114 465.26
67 115 726.38
68 69 991.72
68 70 741.05
68 71 543.85
68 72 604.52
68 73 876.14
68 74 771.26
68 75 1722.75
68 76 1722.75
68 77 1187.78
68 78 1008.76
68 79 1166.46
68 80 1323.85
68 81 1382.71
68 82 1734.56
68 83 1872.4
68 84 1734.56
68 85 1872.4
68 86 1622.13
68 87 2261.52
68 88 2316.76
68 89 2088.43
68 90 1768.96
68 91 1204.08
68 92 1072.68
68 93 601.68
68 94 601.68
68 95 3364.84
68 96 2136.07
68 97 2809.82
68 98 664.97
68 99 738.85
68 100 783.77
68 101 1077.39
68 102 3314.02
68 103 3044.71
68 104 1283.69
68 105 2968.9
68 106 2851.74
68 107 2711.29
68 108 2535.81
68 109 1986.23
68 110 1821.36
68 111 2613.66
68 112 1986.86
68 113 1489.8
68 114 465.26
68 115 726.38
69 70 293.85
69 71 1464.89
69 72 1147.52
69 73 877.49
69 74 772.61
69 75 2740.44
69 76 2740.44
69 77 2205.47
69 78 482.54
69 79 211.23
69 80 539.2
69 81 427.48
69 82 1002.26
69 83 1140.1
69 84 1002.26
69 85 1140.1
69 86 2639.83
69 87 3279.22
69 88 3334.45
69 89 1356.13
69 90 1680.44
69 91 1699.86
69 92 1576.68
69 93 1619.38
69 94 1619.38
69 95 4382.53
69 96 3153.77
69 97 3827.52
69 98 1682.66
69 99 948.06
69 100 780.77
69 101 688.8
69 102 4331.72
69 103 4062.4
69 104 1247.3
69 105 3986.59
69 106 3869.44
69 107 2622.77
69 108 1742.6
69 109 1993.08
69 110 1289.89
69 111 3631.36
69 112 3004.56
69 113 2507.5
69 114 843.33
69 115 826.03
70 71 1473.43
70 72 1156.06
70 73 583.64
70 74 478.76
70 75 2756.09
70 76 2756.09
70 77 2221.12
70 78 538.54
70 79 497.41
70 80 677.08
70 81 713.66
70 82 1140.14
70 83 1277.98
70 84 1140.14
70 85 1277.98
70 86 2655.47
70 87 3294.86
70 88 3350.1
70 89 1494.01
70 90 1736.44
70 91 1523.1
70 92 1384.82
70 93 1635.02
70 94 1635.02
70 95 4398.18
70 96 3169.41
70 97 3843.16
70 98 1698.31
70 99 743.45
70 100 823.26
70 101 744.8
70 102 4347.36
70 103 4078.05
70 104 1303.3
70 105 4002.24
70 106 3885.08
70 107 2678.77
70 108 2028.77
70 109 2049.08
70 110 1345.89
70 111 3647.0
70 112 3020.2
70 113 2523.14
70 114 851.87
70 115 868.52
71 72 60.66
71 73 811.44
71 74 915.35
71 75 1790.5
71 76 1790.5
71 77 1255.53
71 78 1181.07
71 79 1338.76
71 80 1496.16
71 81 1555.01
71 82 1906.86
71 83 2044.7
71 84 1906.86
71 85 2044.7
71 86 1689.89
71 87 2329.28
71 88 2384.51
71 89 2260.73
71 90 2095.96
71 91 660.23
71 92 528.82
71 93 991.99
71 94 991.99
71 95 3432.59
71 96 2203.83
71 97 2877.58
71 98 732.72
71 99 614.92
71 100 1052.03
71 101 1249.7
71 102 3381.77
71 103 3112.46
71 104 1615.15
71 105 3036.65
71 106 2919.5
71 107 3038.29
71 108 2708.12
71 109 2317.69
71 110 1993.67
71 111 2681.41
71 112 2054.61
71 113 1557.56
71 114 348.45
71 115 1097.29
72 73 1009.66
72 74 1113.57
72 75 1729.84
72 76 1729.84
72 77 1194.87
72 78 1379.29
72 79 1536.98
72 80 1694.38
72 81 1753.23
72 82 2105.08
72 83 2242.92
72 84 2105.08
72 85 2242.92
72 86 1629.22
72 87 2268.61
72 88 2323.85
72 89 2458.95
72 90 2294.18
72 91 599.56
72 92 468.16
72 93 1190.21
72 94 1190.21
72 95 3371.93
72 96 2143.16
72 97 2816.91
72 98 672.06
72 99 813.14
72 100 1250.25
72 101 1447.92
72 102 3321.11
72 103 3051.8
72 104 1813.37
72 105 2975.99
72 106 2858.83
72 107 3236.51
72 108 2906.34
72 109 2515.91
72 110 2191.89
72 111 2620.75
72 112 1993.95
72 113 1496.89
72 114 546.67
72 115 1295.51
73 74 103.91
73 75 2381.24
73 76 2381.24
73 77 1846.27
73 78 978.38
73 79 882.37
73 80 1209.91
73 81 1098.63
73 82 1672.97
73 83 1810.81
73 84 1672.97
73 85 1810.81
73 86 2280.62
73 87 2920.01
73 88 2975.25
73 89 2026.84
73 90 1939.41
73 91 1004.5
73 92 866.22
73 93 1260.17
73 94 1260.17
73 95 4023.33
73 96 2794.56
73 97 3468.31
73 98 1323.46
73 99 368.6
73 100 895.48
73 101 1047.01
73 102 3972.51
73 103 3703.2
73 104 1458.6
73 105 3627.39
73 106 3510.23
73 107 2881.74
73 108 2381.76
73 109 2161.14
73 110 1790.98
73 111 3272.15
73 112 2645.35
73 113 2148.29
73 114 477.02
73 115 940.74
74 75 2277.33
74 76 2277.33
74 77 1742.36
74 78 874.47
74 79 778.46
74 80 1106.0
74 81 994.72
74 82 1569.06
74 83 1706.9
74 84 1569.06
74 85 1706.9
74 86 2176.71
74 87 2816.1
74 88 2871.34
74 89 1922.93
74 90 1835.5
74 91 1108.51
74 92 970.24
74 93 1156.26
74 94 1156.26
74 95 3919.42
74 96 2690.65
74 97 3364.4
74 98 1219.55
74 99 264.69
74 100 791.57
74 101 943.1
74 102 3868.6
74 103 3599.29
74 104 1354.69
74 105 3523.48
74 106 3406.32
74 107 2777.83
74 108 2277.86
74 109 2057.23
74 110 1687.07
74 111 3168.24
74 112 2541.44
74 113 2044.38
74 114 373.11
74 115 836.83
75 76 0
75 77 572.8
75 78 2668.75
75 79 2826.45
75 80 2983.84
75 81 3042.7
75 82 3394.55
75 83 3532.39
75 84 3394.55
75 85 3532.39
75 86 479.31
75 87 1118.71
75 88 1173.94
75 89 3748.42
75 90 3134.73
75 91 1888.96
75 92 1777.35
75 93 1322.95
75 94 1322.95
75 95 2222.02
75 96 993.25
75 97 1667.01
75 98 1000.68
75 99 2186.64
75 100 2423.15
75 101 2737.38
75 102 2171.2
75 103 1901.89
75 104 2923.07
75 105 1826.08
75 106 1708.93
75 107 4077.06
75 108 4195.8
75 109 3352.0
75 110 3481.35
75 111 1470.84
75 112 844.04
75 113 346.98
75 114 1920.16
75 115 2365.75
76 77 572.8
76 78 2668.75
76 79 2826.45
76 80 2983.84
76 81 3042.7
76 82 3394.55
76 83 3532.39
76 84 3394.55
76 85 3532.39
76 86 479.31
76 87 1118.71
76 88 1173.94
76 89 3748.42
76 90 3134.73
76 91 1888.96
76 92 1777.35
76 93 1322.95
76 94 1322.95
76 95 2222.02
76 96 993.25
76 97 1667.01
76 98 1000.68
76 99 2186.64
76 100 2423.15
76 101 2737.38
76 102 2171.2
76 103 1901.89
76 104 2923.07
76 105 1826.08
76 106 1708.93
76 107 4077.06
76 108 4195.8
76 109 3352.0
76 110 3481.35
76 111 1470.84
76 112 844.04
76 113 346.98
76 114 1920.16
76 115 2365.75
77 78 2095.95
77 79 2253.64
77 80 2411.04
77 81 2469.9
77 82 2821.75
77 83 2959.59
77 84 2821.75
77 85 2959.59
77 86 715.81
77 87 1355.21
77 88 1410.44
77 89 3175.62
77 90 2561.93
77 91 1407.91
77 92 1293.7
77 93 928.57
77 94 928.57
77 95 2458.52
77 96 1229.76
77 97 1903.51
77 98 427.88
77 99 1613.84
77 100 1850.35
77 101 2164.58
77 102 2407.7
77 103 2138.39
77 104 2350.27
77 105 2062.58
77 106 1945.43
77 107 3504.26
77 108 3623.0
77 109 2779.2
77 110 2908.55
77 111 1707.34
77 112 1080.54
77 113 583.48
77 114 1347.36
77 115 1792.95
78 79 434.83
78 80 324.67
78 81 651.09
78 82 735.38
78 83 873.22
78 84 735.38
78 85 873.22
78 86 2825.82
78 87 3465.21
78 88 3520.44
78 89 1089.25
78 90 1198.27
78 91 1933.08
78 92 1801.67
78 93 1805.37
78 94 1805.37
78 95 4568.52
78 96 3339.76
78 97 4013.51
78 98 1868.65
78 99 1134.05
78 100 644.64
78 101 206.62
78 102 4517.71
78 103 4248.39
78 104 765.13
78 105 4172.58
78 106 4055.43
78 107 2140.6
78 108 1536.63
78 109 1510.91
78 110 822.18
78 111 3817.35
78 112 3190.55
78 113 2693.49
78 114 1029.32
78 115 702.03
79 80 327.97
79 81 216.25
79 82 791.02
79 83 928.86
79 84 791.02
79 85 928.86
79 86 2794.5
79 87 3433.89
79 88 3489.12
79 89 1144.89
79 90 1505.08
79 91 1894.96
79 92 1770.35
79 93 1774.05
79 94 1774.05
79 95 4537.2
79 96 3308.44
79 97 3982.19
79 98 1837.33
79 99 1102.73
79 100 935.44
79 101 513.43
79 102 4486.39
79 103 4217.07
79 104 1071.93
79 105 4141.26
79 106 4024.11
79 107 2447.41
79 108 1531.37
79 109 1817.72
79 110 1104.99
79 111 3786.02
79 112 3159.23
79 113 2662.17
79 114 998.0
79 115 980.7
80 81 498.23
80 82 463.05
80 83 600.89
80 84 463.05
80 85 600.89
80 86 3148.91
80 87 3788.3
80 88 3843.54
80 89 816.92
80 90 1472.95
80 91 2156.63
80 92 2124.76
80 93 2128.46
80 94 2128.46
80 95 4891.62
80 96 3662.85
80 97 4336.6
80 98 2191.75
80 99 1457.14
80 100 1045.45
80 101 607.43
80 102 4840.8
80 103 4571.49
80 104 1165.94
80 105 4495.67
80 106 4378.52
80 107 2287.64
80 108 1362.37
80 109 1911.72
80 110 934.45
80 111 4140.44
80 112 3513.64
80 113 3016.58
80 114 1352.41
80 115 1102.85
81 82 723.41
81 83 861.25
81 84 723.41
81 85 861.25
81 86 2987.29
81 87 3626.69
81 88 3681.92
81 89 1077.28
81 90 1437.47
81 91 1988.45
81 92 1865.26
81 93 1966.84
81 94 1966.84
81 95 4730.0
81 96 3501.23
81 97 4174.99
81 98 2030.13
81 99 1295.53
81 100 883.84
81 101 445.82
81 102 4679.18
81 103 4409.87
81 104 1004.32
81 105 4334.06
81 106 4216.91
81 107 2379.79
81 108 1588.37
81 109 1750.11
81 110 1037.37
81 111 3978.82
81 112 3352.02
81 113 2854.96
81 114 1190.8
81 115 941.23
82 83 159.09
82 84 0
82 85 159.09
82 86 3369.04
82 87 4008.43
82 88 4063.67
82 89 375.12
82 90 1009.9
82 91 2476.3
82 92 2344.89
82 93 2348.59
82 94 2348.59
82 95 5111.75
82 96 3882.98
82 97 4556.73
82 98 2411.88
82 99 1677.27
82 100 1265.58
82 101 827.56
82 102 5060.93
82 103 4791.62
82 104 1386.07
82 105 4715.8
82 106 4598.65
82 107 1824.59
82 108 1029.01
82 109 1663.92
82 110 471.4
82 111 4360.57
82 112 3733.77
82 113 3236.71
82 114 1572.54
82 115 1322.98
83 84 159.09
83 85 0
83 86 3528.13
83 87 4167.53
83 88 4222.76
83 89 216.03
83 90 1168.99
83 91 2433.02
83 92 2438.67
83 93 2507.68
83 94 2507.68
83 95 5270.84
83 96 4042.07
83 97 4715.83
83 98 2570.97
83 99 1836.37
83 100 1424.68
83 101 986.66
83 102 5220.02
83 103 4950.71
83 104 1545.16
83 105 4874.9
83 106 4757.75
83 107 1983.68
83 108 869.91
83 109 1823.01
83 110 630.49
83 111 4519.66
83 112 3892.86
83 113 3395.8
83 114 1731.64
83 115 1482.07
84 85 159.09
84 86 3369.04
84 87 4008.43
84 88 4063.67
84 89 375.12
84 90 1009.9
84 91 2476.3
84 92 2344.89
84 93 2348.59
84 94 2348.59
84 95 5111.75
84 96 3882.98
84 97 4556.73
84 98 2411.88
84 99 1677.27
84 100 1265.58
84 101 827.56
84 102 5060.93
84 103 4791.62
84 104 1386.07
84 105 4715.8
84 106 4598.65
84 107 1824.59
84 108 1029.01
84 109 1663.92
84 110 471.4
84 111 4360.57
84 112 3733.77
84 113 3236.71
84 114 1572.54
84 115 1322.98
85 86 3528.13
85 87 4167.53
85 88 4222.76
85 89 216.03
85 90 1168.99
85 91 2433.02
85 92 2438.67
85 93 2507.68
85 94 2507.68
85 95 5270.84
85 96 4042.07
85 97 4715.83
85 98 2570.97
85 99 1836.37
85 100 1424.68
85 101 986.66
85 102 5220.02
85 103 4950.71
85 104 1545.16
85 105 4874.9
85 106 4757.75
85 107 1983.68
85 108 869.91
85 109 1823.01
85 110 630.49
85 111 4519.66
85 112 3892.86
85 113 3395.8
85 114 1731.64
85 115 1482.07
86 87 639.39
86 88 694.63
86 89 3588.75
86 90 2975.06
86 91 1747.04
86 92 1635.43
86 93 1163.29
86 94 1163.29
86 95 1742.71
86 96 513.94
86 97 1187.69
86 98 841.01
86 99 2026.97
86 100 2263.48
86 101 2577.72
86 102 1691.89
86 103 1422.58
86 104 2763.4
86 105 1346.76
86 106 1229.61
86 107 3917.39
86 108 4036.13
86 109 3192.33
86 110 3321.68
86 111 991.53
86 112 364.73
86 113 132.33
86 114 1760.5
86 115 2206.09
87 88 312.58
87 89 3976.95
87 90 3363.26
87 91 2209.24
87 92 2095.03
87 93 1551.23
87 94 1551.23
87 95 1353.15
87 96 1063.64
87 97 805.64
87 98 1229.21
87 99 2415.17
87 100 2651.68
87 101 2965.91
87 102 1302.33
87 103 1033.02
87 104 3151.6
87 105 957.21
87 106 840.05
87 107 4305.59
87 108 4424.33
87 109 3580.53
87 110 3709.88
87 111 455.0
87 112 1012.79
87 113 1122.39
87 114 2148.7
87 115 2594.29
88 89 4289.53
88 90 3675.84
88 91 2521.82
88 92 2407.61
88 93 1863.81
88 94 1863.81
88 95 1412.48
88 96 920.19
88 97 662.19
88 98 1541.79
88 99 2727.75
88 100 2964.26
88 101 3278.49
88 102 1361.66
88 103 1092.35
88 104 3464.18
88 105 1016.54
88 106 899.39
88 107 4618.17
88 108 4736.91
88 109 3893.11
88 110 4022.46
88 111 664.71
88 112 1325.37
88 113 1217.13
88 114 2461.27
88 115 2906.86
89 90 1161.93
89 91 2649.05
89 92 2654.7
89 93 2711.81
89 94 2711.81
89 95 5474.97
89 96 4246.2
89 97 4919.95
89 98 2775.1
89 99 2040.49
89 100 1628.8
89 101 1190.78
89 102 5424.15
89 103 5154.84
89 104 1634.48
89 105 5079.02
89 106 4961.87
89 107 1976.62
89 108 653.88
89 109 1815.95
89 110 623.43
89 111 4723.79
89 112 4096.99
89 113 3599.93
89 114 1935.76
89 115 1686.2
90 91 2782.54
90 92 2651.14
90 93 2299.59
90 94 2299.59
90 95 5062.74
90 96 3833.98
90 97 4507.73
90 98 2362.87
90 99 1983.52
90 100 1113.06
90 101 1025.07
90 102 5011.93
90 103 4742.61
90 104 847.4
90 105 4666.8
90 106 4549.65
90 107 942.33
90 108 1535.8
90 109 720.26
90 110 564.96
90 111 4311.57
90 112 3684.77
90 113 3187.71
90 114 1878.79
90 115 1170.45
91 92 211.09
91 93 1479.79
91 94 1479.79
91 95 3241.74
91 96 2012.97
91 97 2686.72
91 98 833.17
91 99 1159.95
91 100 1597.05
91 101 1794.72
91 102 3190.92
91 103 2921.61
91 104 2160.18
91 105 2845.8
91 106 2728.64
91 107 3583.31
91 108 2992.89
91 109 2862.71
91 110 2538.69
91 111 2490.56
91 112 1863.76
91 113 1366.7
91 114 893.47
91 115 1642.31
92 93 1538.08
92 94 1538.08
92 95 3380.01
92 96 2151.25
92 97 2825.0
92 98 971.44
92 99 1137.19
92 100 1598.12
92 101 1795.79
92 102 3329.2
92 103 3059.88
92 104 2161.24
92 105 2984.07
92 106 2866.92
92 107 3584.38
92 108 2791.35
92 109 2863.78
92 110 2539.75
92 111 2628.83
92 112 2002.04
92 113 1504.98
92 114 894.54
92 115 1643.38
93 94 0
93 95 2962.54
93 96 1733.78
93 97 2407.53
93 98 685.8
93 99 1344.31
93 100 1368.61
93 101 1682.84
93 102 2911.73
93 103 2642.41
93 104 1868.53
93 105 2566.6
93 106 2449.45
93 107 3022.52
93 108 3141.26
93 109 2297.46
93 110 2426.81
93 111 2211.36
93 112 1584.57
93 113 1087.51
93 114 1070.71
93 115 1311.22
94 95 2962.54
94 96 1733.78
94 97 2407.53
94 98 685.8
94 99 1344.31
94 100 1368.61
94 101 1682.84
94 102 2911.73
94 103 2642.41
94 104 1868.53
94 105 2566.6
94 106 2449.45
94 107 3022.52
94 108 3141.26
94 109 2297.46
94 110 2426.81
94 111 2211.36
94 112 1584.57
94 113 1087.51
94 114 1070.71
94 115 1311.22
95 96 2494.17
95 97 2236.17
95 98 3024.92
95 99 4210.88
95 100 4447.39
95 101 4761.62
95 102 856.46
95 103 582.55
95 104 4947.31
95 105 685.25
95 106 775.51
95 107 6101.3
95 108 6220.04
95 109 5376.24
95 110 5505.59
95 111 1341.8
95 112 2808.5
95 113 2791.11
95 114 3944.4
95 115 4389.99
96 97 1274.59
96 98 1360.47
96 99 2546.43
96 100 2782.94
96 101 3097.18
96 102 2094.94
96 103 1825.63
96 104 3282.86
96 105 1749.82
96 106 1632.67
96 107 4436.85
96 108 4555.59
96 109 3711.79
96 110 3841.14
96 111 1394.58
96 112 767.78
96 113 651.79
96 114 2279.96
96 115 2725.55
97 98 1295.35
97 99 2481.31
97 100 2717.82
97 101 3032.06
97 102 2029.82
97 103 1760.51
97 104 3217.75
97 105 1684.7
97 106 1567.55
97 107 4371.73
97 108 4490.47
97 109 3646.67
97 110 3776.02
97 111 1329.46
97 112 702.66
97 113 586.67
97 114 2214.84
97 115 2660.43
98 99 1185.96
98 100 1422.47
98 101 1736.7
98 102 2649.05
98 103 2379.74
98 104 1922.39
98 105 2303.93
98 106 2186.78
98 107 3076.38
98 108 3195.12
98 109 2351.32
98 110 2480.67
98 111 1948.69
98 112 1321.89
98 113 824.83
98 114 919.48
98 115 1365.07
99 100 880.09
99 101 1060.55
99 102 3603.91
99 103 3334.6
99 104 1443.21
99 105 3258.79
99 106 3141.64
99 107 2866.35
99 108 2518.97
99 109 2145.75
99 110 1804.52
99 111 2903.55
99 112 2276.75
99 113 1779.69
99 114 108.42
99 115 925.34
100 101 517.67
100 102 4072.53
100 103 3803.22
100 104 575.26
100 105 3727.41
100 106 3610.25
100 107 2002.85
100 108 2114.5
100 109 1277.8
100 110 1272.45
100 111 3372.17
100 112 2745.37
100 113 2248.31
100 114 765.73
100 115 57.39
101 102 4407.37
101 103 4138.05
101 104 584.08
101 105 4062.24
101 106 3945.09
101 107 1959.56
101 108 1596.83
101 109 1329.87
101 110 790.36
101 111 3707.01
101 112 3080.21
101 113 2583.15
101 114 1002.21
101 115 520.99
102 103 900.25
102 104 4758.63
102 105 324.74
102 106 1076.71
102 107 5912.61
102 108 6031.36
102 109 5187.55
102 110 5316.9
102 111 1169.45
102 112 2243.55
102 113 2127.55
102 114 3755.72
102 115 4201.31
103 104 4837.96
103 105 575.9
103 106 192.96
103 107 5991.95
103 108 6110.69
103 109 5266.89
103 110 5396.24
103 111 1232.45
103 112 2699.15
103 113 2681.76
103 114 3835.05
103 115 4280.64
104 105 4123.4
104 106 4006.25
104 107 1681.67
104 108 1998.87
104 109 956.61
104 110 971.34
104 111 3768.16
104 112 3141.37
104 113 2644.31
104 114 1335.39
104 115 627.05
105 106 751.97
105 107 5604.2
105 108 5722.94
105 109 4879.14
105 110 5008.49
105 111 844.7
105 112 2221.85
105 113 2105.86
105 114 3447.3
105 115 3892.89
106 107 6184.91
106 108 6303.65
106 109 5459.85
106 110 5589.2
106 111 1425.42
106 112 2892.12
106 113 2874.72
106 114 4028.02
106 115 4473.61
107 108 1735.01
107 109 942.11
107 110 764.16
107 111 4686.43
107 112 4059.63
107 113 3562.57
107 114 2253.65
107 115 1545.31
108 109 2208.35
108 110 1040.7
108 111 5142.71
108 112 4515.91
108 113 4018.86
108 114 2354.69
108 115 2105.12
109 110 1152.81
109 111 3947.2
109 112 3320.4
109 113 2823.34
109 114 1514.42
109 115 806.08
110 111 4475.21
110 112 3848.42
110 113 3351.36
110 114 1774.51
110 115 1334.1
111 112 1466.7
111 113 1576.3
111 114 2602.6
111 115 3048.19
112 113 484.6
112 114 1893.57
112 115 2339.16
113 114 1628.17
113 115 2073.76
114 115 816.92
11 11 11 7 18 17 16 12 16 12 15 16 9 10 18 10 23 12 15 17 12 12 11 22 14 17 16 6 16 17 13 22 22 8 14 10 17 13 13 12 19 17 15 8 23 18 22 25 23 21 20 20 15 19 26 17 13 27 17 5 10 15 21 15 11 16 8 10 16 24 18 12 15 18 24 10 8 23 17 17 22 28 24 21 18 15 24 13 27 11 8 13 14 12 17 18 10 11 8 16 13 13 19 13 12 21 18 14 17 25 21 14 15 16 12